energy
0.105121
0.733249
0.387475
5.82408
1.22399
1.9463
0.738368
2.39912
0.601273
3.38361
0.026525
0.772378
2.55927
2.71864
7.44077
2.76922
0.0549699
10.5679
3.40494
8.10689
0.0933218
7.43847
15.1059
0.381709
3.20903
7.66624
7.70983
0.131984
0.0243347
1.85314
0.588202
0.00112828
2.04635
1.82766
0.00469793
0.309777
7.69437
0.29543
0.695992
0.825193
8.23282
2.45958
0.932621
0.173435
0.534521
8.10153
3.5353
3.26511
0.0124964
14.3802
0.226293
2.97292
0.26579
0.723408
0.0127154
1.12963
1.3666
0.501231
1.52684
3.45551
0.413781
0.124872
1.25281
5.38648
0.465353
10.1273
0.0471879
1.62748
0.181061
4.4958
9.1027
2.24884
0.280134
0.292149
0.539394
0.779513
4.23257
0.0556114
0.136334
3.46745
0.101837
0.205868
10.6355
0.0503025
0.335854
0.858355
0.123481
0.124327
0.612226
11.2539
0.227944
1.57088
0.595537
2.60531
1.85778
7.79602
1.35187
0.142007
1.81877
1.19258
1.17439
0.114951
0.251992
2.36264
3.30308
3.67351
0.251925
0.075005
7.92789
0.0375337
0.333281
1.22077
0.554048
0.129094
0.13089
0.0601986
1.01828
0.0222105
0.690496
6.796
7.38116
0.211891
3.90192
0.108525
4.86011
3.07724
3.32667
4.88432
0.00820381
0.959313
1.18593
1.47439
0.0898579
0.107609
3.04189
1.54416
2.03605
0.111123
0.573943
0.412768
0.592786
6.07825
0.0359307
0.139223
3.47471
1.7925
0.576539
0.269142
0.0319017
0.3495
2.40725
4.30979
0.04442
0.765698
0.104078
8.02778
4.53607
27.9825
0.090347
0.891005
1.44265
2.69001
1.96817
0.355277
2.98981
0.884589
0.0879307
0.219935
0.723356
1.73704
8.6412
0.991276
0.507324
1.66356
1.37896
0.404317
0.55531
0.0217144
2.62027
0.024705
0.291651
0.509945
9.70844
1.29792
0.255342
0.00942125
1.00752
0.0719382
0.954794
2.34932
0.94174
1.56114
0.912965
0.0522413
1.68579
0.549021
0.207296
0.114521
0.599771
0.254081
4.59261
4.42733
3.404
1.43957
5.75518
7.01035
0.543287
6.0492
6.67271
2.3551
0.288258
12.5776
0.213326
11.3105
1.26367
3.79265
0.0168267
0.820614
0.590177
0.0280304
0.0107603
0.689603
9.66721
0.0588242
0.850982
0.0211649
6.22637
2.58082
2.25688
0.152209
0.0294311
0.081817
0.10219
0.0645134
5.25806
0.0431273
0.515602
0.798191
10.767
15.1739
0.0690544
0.0444684
0.0769786
0.4869
0.0904836
1.29932
0.782606
1.24866
0.862127
8.91005
16.4625
1.20528
3.56464
4.45539
3.49666
0.120904
8.07733
0.00509642
14.562
7.85037
0.504998
0.0478622
2.57501
2.10285
1.82866
10.1827
0.0735023
0.802755
0.0657359
0.0628152
0.231086
0.608809
0.000483173
0.138789
4.6546
2.70804
0.201115
2.37836
2.8517
0.0174204
7.9473
0.418034
0.989596
0.317626
1.78385
0.35051
0.0264096
4.77036
0.161495
0.755404
2.0389
0.220462
0.457214
0.651413
0.475459
0.0343053
0.0113383
1.59639
4.14293
15.0623
0.279439
0.0218271
0.596595
0.105581
8.40988
5.90631
1.5785
0.522912
0.492011
4.61138
1.15686
0.129836
6.15601
0.205965
1.07357
3.22129
2.03229
0.463558
2.93857
0.142568
2.92796
2.71717
0.121663
0.174065
0.829697
0.598308
6.58351
0.874965
4.88273
8.9906
0.325944
0.0245702
0.351088
8.75973
0.0168246
1.23152
0.53859
0.749329
3.38719
3.21084
0.0267129
0.838947
5.95603
0.977582
1.05382
0.239616
1.35359
2.67461
0.26622
1.43337
0.282075
0.296677
0.0125383
0.358631
1.30215
1.00957
0.612967
0.870403
0.580737
5.25259
0.182036
0.0692902
0.309373
1.11138
0.691607
2.06445
0.14772
0.361558
14.3356
1.50706
1.78417
0.966447
12.522
3.70295
1.38204
3.39028
0.792943
2.90965
0.0384898
7.00412
0.14147
0.115017
0.115461
2.9611
3.76833
0.00901225
1.73275
0.934331
0.0257949
0.352862
3.45699
1.82741
0.821469
0.383176
4.8312
1.4705
0.0476182
4.3317
2.19054
5.03586
13.5095
0.142859
0.866604
5.13047
0.465879
3.85769
5.65817
2.02583
2.16609
1.25492
0.391963
0.0781094
8.29567
0.371812
1.06122
4.04835
0.067799
3.97287
0.228228
0.112768
14.5565
0.753842
0.663187
0.510135
3.37286
1.70796
2.80091
1.30055
8.71153
1.20607
8.1507
2.83431
0.80808
0.0193263
1.5853
1.93399
0.820949
1.26142
1.71579
0.00245393
1.38071
0.191511
7.51431
0.83755
5.77166
0.730423
0.196138
3.63398
2.26675
1.50844
0.52003
8.17983
0.418372
2.71248
3.26757
0.0885791
0.715763
1.83077
0.0196532
1.44553
0.0371433
3.71803
1.84124
0.839753
0.0247876
10.61
0.0307528
0.00739804
0.248131
1.63895
0.168624
0.845941
0.761523
3.93097
1.4236
1.85562
0.299401
0.0377506
0.614618
0.272026
3.33233
0.1591
3.70802
11.9322
0.390104
1.91765
4.4181
0.237389
0.692275
0.0782795
0.0250175
0.0488324
0.625708
0.361072
0.0831667
1.65169
0.317306
0.133828
11.2379
11.1671
0.61396
0.590132
0.807917
0.238061
4.5685
8.86785
0.479834
0.162357
7.80018
0.362598
0.137205
10.1742
2.45166
0.774573
0.00127233
0.51706
0.282006
0.0283892
0.0185532
0.976776
3.51705
0.436384
0.644751
0.435611
2.26931
0.21415
3.34332
1.78118
1.66308
0.127362
1.39632
0.302652
0.812595
0.993326
2.97261
5.27566
1.42902
0.0808021
0.294073
0.034204
2.26095
7.79424
0.975945
0.412319
1.28531
6.42586
1.81632
3.73389
1.33781
13.8694
8.75772
2.88041
4.28941
2.07867
1.02716
1.14961
7.27157
3.11283
1.26041
2.85407
14.2447
0.111995
4.90959
0.00765557
2.27563
1.16003
0.0512011
0.355385
3.98904
1.6299
6.25135
0.458446
0.197517
0.417834
4.6458
0.119967
2.79638
0.932741
14.0074
2.07404
1.16453
9.07766
0.839013
1.61016
1.00321
0.212234
2.96434
2.37946
2.00068
0.342405
0.572196
0.199946
1.37351
0.404455
3.31625
0.825121
8.51168
0.245997
0.125831
0.161118
0.783112
2.38287
1.89601
4.53223
4.34776
1.09206
0.811049
1.54967
0.863993
0.157723
0.725019
12.9278
0.467978
0.675116
3.61214
0.212132
2.66412
0.751031
0.607945
0.0113607
0.0120432
0.643186
1.26749
3.18017
0.161015
0.227403
1.3521
0.231696
6.07726
6.56093
0.619633
1.85591
0.212924
4.92976
0.621039
3.73835
0.486614
0.0945906
12.7283
0.529148
0.0601569
4.53799
1.14549
7.80903
0.108394
6.00641
1.31529
0.439868
0.199042
5.62042
0.769698
0.254257
0.805905
1.75822
1.62962
2.19735
3.17592
0.907051
0.831943
0.648257
8.96427
0.545662
1.8109
0.44315
0.424217
5.27958
0.21485
0.00670435
3.36816
0.00487417
7.39459
1.28529
0.252981
0.40466
0.765274
1.11905
12.7201
0.942018
0.0630667
9.58997
11.7517
5.21064
2.81585
3.31052
2.67037
0.814215
2.68584
1.65066
0.441876
0.947442
1.62409
0.241889
2.63588
0.73485
0.204828
0.00153145
0.278804
0.0580051
0.000747952
8.08402
0.226089
0.412708
4.64038
4.2934
10.844
0.0350643
0.0029646
2.25069
1.6568
0.463712
0.404527
0.149526
0.71663
6.48183
5.62431
2.10863
2.42922
0.895862
0.119035
3.77056
0.590307
1.39032
0.101805
1.76974
2.82056
0.89211
14.8528
0.907112
0.0413906
6.0234
7.42568
0.708213
0.203772
1.08186
0.0291161
0.656192
4.56115
4.6373
1.87424
1.41787
0.0899054
0.172596
1.45009
0.419057
0.322888
1.33757
0.0263384
1.9352
2.9813
0.193891
1.58047
0.29084
1.11832
0.344579
0.430589
1.00285
0.00155541
1.2644
1.60915
3.36545
1.24627
0.784908
3.94523
5.05342
0.250413
2.10772
0.26795
9.18701
3.80768
9.65967
0.240657
0.797671
0.395938
0.0691668
0.0190001
0.226763
10.6866
3.00421
2.51041
0.669273
0.143785
1.64926
4.42407
0.476068
5.07277
17.8144
0.00619267
7.76603
8.0986
0.144677
6.21608
3.32932
3.28021
0.00236352
1.45553
1.39041
1.04998
8.69328
2.61775
8.67744
0.685336
0.0162432
0.773106
0.564376
1.58873
5.42149
0.949575
1.19257
8.6052
3.00792
3.37971
0.972153
0.27188
0.0625432
0.464999
0.00528793
3.26811
2.06974
1.71485
0.309567
1.08713
3.25422
3.52914
0.221727
3.4204
3.60893
0.172845
4.73266
0.000657338
0.288577
3.84315
0.277556
4.32604
0.215824
2.91216
0.0926562
1.1206
5.33648
6.92885
0.348961
1.67884
0.0138413
5.55101
0.995261
3.32918
8.78458
0.406146
0.190782
0.0924296
0.32526
2.84701
3.07136
6.44632
0.066459
0.193251
0.0132956
0.324305
6.53582
1.75119
5.46939
0.00979546
4.98981
7.27265
5.04037
1.6535
4.29302
5.6278
0.411866
7.85964
0.0716262
5.06262
0.345772
1.09807
0.649237
0.0141262
0.04806
3.07129
0.341846
9.4549
0.88769
0.110219
0.365525
0.00140997
2.74581
2.44285
1.28436
3.38747
1.91342
3.86029
3.47705
3.9171
8.97561
0.0436343
0.143137
5.992
1.48081
0.0175872
10.5913
13.7586
0.0195692
3.56277
0.964319
0.00722342
2.99454
0.831915
11.1844
0.0555348
2.80915
6.53861
0.0364294
1.08559
1.53429
0.48019
2.75723
3.64464
0.960989
9.30526
0.744241
0.0107187
8.30256
2.15778
1.7745
0.849671
5.62813
1.65098
1.17201
8.83201
3.01414
1.39811
1.98885
13.2847
3.18944
1.19538
7.23715
4.43245
0.0018831
1.4166
0.793368
2.01555
0.35158
0.489984
2.40838
0.0656405
0.577964
8.90456
0.032348
0.861061
4.68116
1.00695
6.89726
0.62237
0.63616
0.452279
6.06701
0.240792
1.42646
1.18253
12.3487
2.82488
0.660141
1.12115
0.233175
0.408008
2.02339
0.231553
3.35138
0.480675
0.793199
3.85563
1.0077
0.508832
5.56326
0.340361
0.250935
5.71893
3.07026
0.30657
0.412843
0.235716
0.654549
5.1675
0.353296
0.019911
0.567949
0.0863113
0.903049
0.163805
3.10449
9.45225
2.24406
0.974855
0.224125
0.349659
0.470983
0.724782
0.0934565
15.8896
0.182874
0.00754492
0.176291
2.98597
1.90596
0.446435
0.935662
0.883633
0.455421
0.678812
0.294207
2.18705
1.31313
1.49224
1.23262
0.0411729
0.411915
0.0105825
11.5184
10.0521
6.09882
0.642632
6.40121
0.0507676
0.123337
0.728148
8.13188
1.5885
0.451042
0.257282
1.99995
0.958675
0.337694
0.434535
0.962173
6.32923
1.93041
6.25725
2.4478
0.0501452
12.9901
0.884327
5.90552
0.0275966
4.00491
9.92257
0.447549
1.45598
0.218737
0.12088
7.02937
4.46721
1.82856
0.946891
0.0473721
3.42784
2.5818
0.0121816
3.29581
5.81539
1.14154
0.907506
0.142207
2.62804
0.0443995
1.45687
4.52972
4.30851
1.78622
2.78285
0.0939701
0.330981
0.497956
10.0508
0.0150101
1.60718
1.7037
1.44884
7.90809
0.806701
8.18286
0.633671
0.955215
1.45351
2.58937
0.591035
1.32906
0.144452
0.0109921
0.167161
1.56975
0.505264
0.0168868
0.288585
17.4322
5.41815
1.21297
10.115
0.428408
4.18329
0.931886
1.17481
0.29536
0.164131
0.0572351
2.18431
0.0386215
1.1317
6.62872
3.67041
0.00296953
1.75865
8.6345
0.179721
1.57597
4.47438
0.683896
0.0226884
0.36889
6.99064
4.02802
0.302399
2.6586
0.0346449
0.212214
1.14668
0.71491
3.19902
0.00455447
0.490713
0.750469
0.0119896
5.31542
0.156057
1.20417
4.01263
0.807498
2.20268
0.0315278
5.42774
1.72315
0.51565
0.0568159
0.81312
2.77946
0.176851
1.72206
0.142567
0.379888
4.26715
1.33635
0.797737
4.13253
0.154411
0.307919
2.8478
0.553308
0.306769
6.62699
2.15174
2.31387
8.29919
1.59548
7.14174
0.123103
15.6253
2.10444
0.456061
5.05136
0.313446
0.13866
0.0162907
1.41328
0.0230061
0.246006
0.0565034
1.40541
0.0545261
0.0750405
0.0446204
0.631704
0.99907
0.0266974
2.17427
0.0479729
0.130421
0.0330042
0.00410987
1.14319
0.0119361
12.2163
0.259965
4.17692
0.0191897
0.496827
1.40883
3.35377
4.51645
0.0195591
3.52062
1.22113
3.74119
3.32087
0.00138483
0.0655633
0.801787
0.0171875
1.34115
1.99663
1.34389
3.70777
6.78732
2.3886
0.00918103
0.277441
1.32384
0.488273
0.0797113
8.33086
8.37229
0.0135147
2.25412
5.12199
0.625273
1.08303
0.433123
2.39946
0.139799
11.1735
2.08004
3.67516
1.31329
1.01354
1.65028
0.0140126
1.41012
5.8151
0.869109
5.71222
0.0992362
1.16697
0.989229
0.576708
5.95114
2.66754
1.58046
0.275406
8.18886
4.22967
4.41339
1.55856
5.36289
1.4633
8.46425
1.77286
0.475292
2.68233
1.11437
0.0559299
4.56581
9.4463
0.00911138
12.7043
0.00134544
0.155216
1.90804
8.32517
11.4253
1.29124
2.55641
1.10832
0.258155
5.87591
0.510007
0.0455537
8.42186
3.68277
0.501877
0.642746
6.38482
0.563293
0.0501534
1.64578
0.101603
2.42874
6.14425
0.00134568
0.520393
3.62998
5.20056
1.62175
10.3773
0.128479
1.21285
1.04983
7.13473
2.39288
0.832099
0.540752
2.61207
1.49143
0.853175
0.796443
0.0222193
0.0946383
1.60108
3.2519
8.99005
0.0162813
0.140168
0.802324
5.01025
1.22139
15.2321
0.780688
0.142881
9.79424
1.01492
11.7903
1.40128
7.51481
1.37118
0.232394
2.50779
3.92038
13.6341
2.17211
0.598836
1.61971
0.0933842
0.288567
0.10856
14.272
0.100788
0.633267
16.4474
1.61084
4.45809
0.039353
0.0276064
1.35896
4.61235
1.0666
0.00462902
0.144006
0.544764
0.0179105
0.414341
0.0488354
15.0573
0.499957
1.04172
3.21345
2.03909
4.13406
0.428026
0.0244893
0.0614391
5.43763
0.487851
3.32349
3.83393
8.88776
0.364428
12.3602
2.44462
5.7378
1.66492
2.72037
0.0680792
0.761606
0.120195
2.07349
0.916671
7.83546
0.0217181
0.0331071
1.25661
0.547957
3.40397
1.11242
2.21647
5.40741
0.0399548
0.398132
0.811522
0.910111
0.876697
1.13881
0.358255
1.56635
1.20204
0.380085
1.40523
8.25424
0.414846
0.844599
6.97552
5.19231
11.9771
1.22139
0.365906
2.55831
0.699103
5.97411
8.19995
0.479337
0.0765248
0.378254
7.6503
0.0114172
4.04247
1.18872
4.20771
0.020838
10.0101
0.403576
0.0353112
1.33785
3.19919
0.0605692
0.166937
0.0306747
4.3666
8.9492
0.481208
7.43057
2.22799
0.266513
0.985932
0.825033
0.0440375
0.790047
1.40575
0.101657
0.176577
1.69701
0.430357
3.76523
8.47819
0.074533
0.343459
0.0592854
1.3639
0.158655
0.376224
0.0719915
3.32754
0.0140418
0.416074
0.0190992
0.0662527
0.162591
2.58983
5.14962
0.000610758
7.8082
0.474169
6.61927
4.255
0.405203
0.0604448
1.09011
0.57138
2.09031
1.25233
2.00993
8.46798
4.76589
1.72077
1.77323
0.332769
4.30877
0.351889
1.36732
1.67894
0.84912
0.63397
1.64758
3.0584
1.49231
0.0328039
0.00866616
5.47824
13.161
0.0156532
0.892689
1.23918
9.20791
5.78775
12.5941
0.46086
1.93236
1.51666
2.75836
1.22621
17.797
5.07988
0.471037
0.914677
0.239211
0.341083
7.11533
4.03382
10.0477
3.42103
0.509562
2.09015
14.6157
0.0143147
1.94741
7.23753
0.0759493
3.49461
0.0285062
0.245701
3.54338
0.363879
8.96889
0.720386
1.45284
5.15797
0.504289
0.0993402
0.0774563
0.433036
0.416909
0.115355
2.47817
8.82159
0.103998
4.9936
0.0169556
0.121395
2.23788
0.488478
3.01051
0.592827
1.4723
1.17512
0.119155
3.3604
1.25751
1.68811
0.000571397
0.0304287
0.000210303
1.43195
1.50128
0.160191
0.137805
6.06809
2.37004
0.118461
0.790222
2.1965
5.45664
9.68743
0.0340385
3.03083
1.04865
0.0859556
0.0415109
0.0360936
1.63129
3.54885
1.65042
2.01736
3.83111
5.29929
2.73376
11.0935
1.13087
0.249905
0.606495
0.455732
1.17862
0.0244033
4.7608
0.0532473
5.40021
6.91867
8.79594
0.688786
0.0314664
0.933058
1.07672
0.00832834
4.54027
0.499692
0.174088
0.97498
0.746698
0.521719
0.183096
1.2317
5.6734
10.0434
0.35335
5.99747
24.8994
0.648248
0.345927
0.570783
0.0352903
0.0980324
0.00510533
4.32848
3.06942
2.88067
8.90529
1.35815
0.930485
4.99324
1.67529
3.1136
0.0446369
8.17857
13.6137
0.0612697
0.0200601
1.85982
0.000661922
0.121308
1.49288
0.684771
0.225274
1.85324
0.201068
4.70197
0.393706
0.125925
0.167284
1.71393
0.292122
0.166015
0.0893395
5.2486e-05
0.069096
9.39332
0.366141
0.623391
1.75404
5.87856
10.9155
1.11171
0.0696313
0.959445
6.15522
0.898227
0.0151268
8.56153
0.0214497
4.34197
0.567118
13.9573
0.0640419
10.0304
0.237538
1.49178
0.445957
8.21299
5.89298
9.91824
0.675931
0.0197277
0.25911
3.36355
1.52238
3.30123
2.32545
0.712472
0.584849
2.06414
2.80923
0.0604255
2.03193
0.112014
3.61992
1.07227
4.02052
0.0951486
10.0708
0.379036
0.0907144
0.00227395
0.173236
0.952758
0.685372
2.0774
15.1561
0.0315264
4.43093
3.69514
0.239847
3.57188
2.60051
18.9119
0.921548
1.06856
2.65841
0.570799
12.2931
5.77209
0.305659
1.10032
0.40855
1.95696
0.0391344
1.58099
0.362834
0.191516
0.0423075
0.747136
2.96361
0.00544726
0.542294
3.11757
0.352827
1.11408
4.94848
0.870993
0.091827
0.440497
1.78047
0.99896
0.331875
0.795484
0.0480356
0.33752
1.98045
0.217615
2.36182
0.406608
0.327534
0.0538676
0.581707
0.983275
5.86105
0.191169
0.303991
0.00713536
2.58641
0.785681
1.2657
0.773303
7.38928
3.58299
0.40972
6.93333
0.115155
0.0903782
1.96311
3.87758
0.425926
0.198987
0.0236611
0.829916
0.655415
0.0321438
3.2462
0.244652
1.04286
0.577697
1.31762
0.066314
0.76017
5.95013
4.51897
0.463079
4.13138
3.35375
6.56343
5.69371
0.675096
8.9059
0.929896
2.03151
1.15839
1.50807
12.383
0.143085
5.14009
2.18341
1.07645
2.02633
1.11241
0.519889
0.163333
0.914809
0.0543075
1.1268
0.176022
4.33771
0.0650562
2.91339
0.000360451
1.42758
0.159652
1.74324
0.0801851
2.09262
1.48166
0.630444
2.71289
0.55412
0.612655
1.56139
8.15226
0.363299
0.0147015
1.93879
0.0256324
0.180377
0.659266
0.445513
0.0685006
3.0743
4.80545
3.37771
0.88584
0.0692955
0.090329
0.579231
4.43115
2.81627
0.0293701
3.28409
7.14211
0.408194
1.11844
0.0194871
0.199244
0.284408
0.329537
0.9287
0.391902
0.7891
0.420233
0.0294742
5.01501
4.91703
1.02216
1.13432
2.10332
7.40804
1.43408
0.180304
0.454177
0.104685
3.19801
1.7374
5.48295
0.166549
0.00969381
0.116267
3.56772
1.08949
1.93774
2.3272
0.646977
0.230253
3.23837
0.560143
0.404403
0.55172
0.858859
4.34875
1.04837
4.67879
0.00026959
0.0147611
0.702666
0.636601
0.0361973
0.386232
0.463312
3.61458
7.72876
3.70412
2.19517
0.212104
0.660186
12.5292
4.28056
2.34009
3.05675
0.0135277
0.00721125
2.41407
0.337346
0.167641
0.0401572
0.0957597
0.383236
0.298549
0.176963
0.0149572
0.772811
6.03906
0.883932
7.56382
4.32314
0.121633
0.123277
0.739881
0.0706285
7.97253
1.56721
0.976415
5.20356
5.40021
0.204733
0.289975
1.9578
0.652832
0.00151414
0.721662
5.94045
1.85847
0.964399
0.580417
3.10005
4.32234
0.476235
6.90395
1.05002
0.179662
1.94524
0.0431963
0.406868
1.10956
1.68186
0.516477
0.607461
2.75352
0.108572
5.33643
0.274094
10.4766
2.01814
0.717235
4.45369
1.39526
4.16429
0.374254
0.0192231
1.5145
0.000687726
0.345381
3.36684
0.450061
1.57183
0.634351
26.6571
0.317258
9.99145
1.49349
1.17068
2.5518
0.00688411
0.945129
4.37292
0.143943
1.07336
0.039249
13.6331
0.0134717
0.221793
1.23173
0.035439
1.24848
2.80543
0.0475279
4.40551
1.39171
2.56933
2.28056
3.84417
0.283158
0.185015
4.45421
1.3022
0.0952963
1.59893
4.38827
1.53518
2.02627
0.702011
2.47923
2.68348
2.67485
0.934859
2.36674
1.60429
2.43342
5.24207
1.29613
4.91086
0.565052
0.149879
0.379911
0.383768
0.300854
7.58943
0.611011
0.67387
0.023509
3.20213
3.63558
0.384194
0.446906
2.3399
0.933806
4.88574
7.40165
0.264551
0.35389
0.0233608
7.63905
0.610253
0.438258
5.33633
0.613359
0.012967
5.25287
1.07125
2.20613
4.01061
1.57208
0.393757
1.24395
0.0186659
5.37974
0.12478
0.0951731
2.63699
0.599681
0.891448
7.01849
4.1405
0.163372
0.0226975
3.65421
4.73289
4.41997
0.101473
3.06564
0.691952
0.528444
1.71737
0.223883
1.46606
0.605827
0.210383
6.53292
1.46781
1.8724
0.653449
0.242831
0.00690946
5.61177
0.0153654
0.654051
9.56905
0.0114556
5.33473
0.167584
3.51275
0.0653076
3.74571
3.12534
0.0192907
6.24909
9.48947
0.639076
0.436261
5.21305
2.36425
1.04545
1.88165
0.0334849
4.3746
7.21045
0.00196569
4.23587
4.85819
1.61905
3.80349
1.08114
0.698491
1.36814
0.446587
2.84827
4.12201
0.319982
0.0476706
7.93516
1.08544
0.391967
6.08764
5.51987
0.913385
4.81352
0.491591
0.911448
6.35221
0.0827848
5.5275
3.0861
0.00468487
0.0530203
0.00419774
0.372548
2.4385
4.8295
0.770415
3.05804
0.192475
0.711012
10.2334
0.888775
3.28318
1.15836
8.55297
4.8116
0.303959
0.0448538
0.421262
0.86516
3.16152
1.90492
0.0622142
2.72213
0.546565
0.50813
5.9755
1.91516
3.6652
1.21866
7.8362
1.93018
11.3345
9.03777
1.82674
1.98125
16.9027
7.6546
0.0670897
1.81681
1.98085
0.919226
0.521698
0.0238189
2.19008
2.40805
3.45255
2.14571
0.0331174
2.50609
0.603003
3.18342
1.45147
4.39036
1.89984
5.99495
0.484312
0.748194
1.99816
0.0620359
0.939582
1.53399
7.09781
4.83872
0.0145473
2.01822
0.0182798
0.0807481
2.24338
4.02429
0.194515
0.632756
0.77193
1.48332
5.38573
0.0339893
0.625772
0.0632267
4.62699
2.68202
0.965297
1.77065
0.434181
0.00204304
3.07078
10.069
0.0692644
4.79268
8.14499
1.46043
4.86923
0.150059
1.54702
0.32948
0.435857
10.2553
8.01949
0.0963161
1.40604
1.37924
2.42356
1.00298
1.46004
5.82287
10.3258
0.0865994
0.392205
0.299499
3.37306
0.790402
0.506288
1.18131
3.3796
2.16465
0.104271
0.22493
0.958218
1.3232
0.960195
2.44917
5.62282
0.398986
0.281082
3.74318
0.0297089
0.803448
0.472946
0.0853441
0.969697
1.12914
1.57291
0.0815278
1.38993
