energy
5.1976
5.16864
4.76989
2.6833
5.67219
2.01956
5.81061
5.76554
2.56836
5.83338
3.13186
3.66753
0.904696
3.60922
1.55411
0.828703
5.41511
3.5815
4.76117
2.01774
0.799261
0.679337
1.0223
3.8146
2.44659
2.69316
5.70019
4.46655
5.58766
5.46012
2.42613
5.72057
5.29701
4.79462
1.44421
0.590303
4.978
4.7414
5.0349
5.72624
1.8923
3.28724
1.27218
2.55172
3.24863
1.82166
4.71651
5.46812
4.41277
2.83728
3.2786
5.16804
4.9869
0.585001
4.52589
3.76084
1.92676
1.58465
5.64548
4.87269
0.682512
5.41756
2.17517
1.78962
5.74311
5.2377
5.02213
2.16984
4.82869
3.10435
0.546882
0.045765
1.51517
1.93843
0.936975
5.68165
0.390846
4.95685
5.11968
0.147413
3.87905
3.43267
5.59288
1.21839
3.61056
1.86209
5.40392
0.021104
5.77965
0.258431
5.43294
5.0674
3.6602
5.47944
5.22894
5.18308
4.73122
5.4302
1.53316
4.9007
3.47567
0.503044
3.38485
0.430777
5.59036
4.91422
3.54539
5.61913
3.22761
1.5494
4.34383
4.23092
3.48686
5.6487
4.978
5.62971
4.52204
3.00381
5.23752
3.46185
4.978
1.70379
4.07745
5.68809
0.103067
4.72489
1.33632
5.60294
5.55004
4.39516
3.9389
0.574301
1.60111
1.82448
3.49784
0.661279
1.0698
5.79143
5.57979
3.16996
3.29818
1.85263
4.60671
3.39096
5.38925
1.50929
4.978
3.0622
4.66071
4.85045
5.44905
5.69088
2.2061
4.45667
5.03532
5.44239
0.70556
5.27955
5.86938
1.69479
0.15449
4.83742
3.60869
5.65888
3.39207
5.58529
0.962846
3.34803
4.3415
5.763
1.49576
5.50256
1.34263
0.129135
1.74127
1.21438
5.46396
4.51235
4.978
5.28758
2.27361
1.25876
4.91165
5.74957
5.13959
5.08967
3.37724
5.19699
4.32358
4.21125
1.56725
5.04234
5.50645
5.70675
5.85414
2.52168
0.0726321
0.547433
4.74311
3.56504
5.75483
2.45257
3.41696
4.99096
4.978
1.00515
4.22154
5.66669
5.65966
5.33677
0.664858
0.790134
5.48627
2.83738
0.462015
5.43438
5.12314
4.65076
4.033
4.35157
3.64415
1.24447
4.73549
5.14061
4.978
2.98894
4.18187
0.789638
2.82641
2.61279
3.67253
0.843388
2.01917
3.19777
4.41718
5.40979
2.68386
0.20581
2.42721
1.39985
4.17105
4.72293
5.69292
2.99542
5.66069
5.10758
1.25532
3.84903
5.6372
5.13118
5.69002
3.56819
5.71777
1.02826
5.62082
0.332423
0.00893502
2.97592
4.72689
2.81366
5.16118
0.0795588
1.02008
5.55041
2.12355
5.24613
0.00591626
4.98835
5.37497
5.25298
2.69206
2.42347
4.80438
5.29473
1.41951
4.28522
5.16157
2.08735
5.44014
5.7482
4.3183
5.1382
0.585514
0.4126
5.19105
5.28553
5.07947
3.98946
3.87862
0.191848
0.69
4.36007
5.01923
4.04325
2.76678
5.4813
3.7679
2.44557
4.978
5.31512
3.23158
0.117021
0.39954
4.88672
5.1509
3.93319
0.289526
4.67597
5.06354
1.1072
2.16686
1.36281
5.05608
3.76724
0.0788997
1.63415
5.74481
0.180168
4.2804
1.78237
4.85408
4.978
4.14557
4.09366
4.521
5.37591
5.16567
1.88241
5.71126
4.0182
5.70191
4.02051
5.51192
3.2868
1.63177
3.57783
5.62933
1.19906
3.32569
5.85075
0.975962
1.30452
3.27794
4.12896
5.21741
1.03169
2.32538
1.01058
2.11454
2.04527
3.14392
4.43386
2.72962
1.7448
1.51219
4.22365
5.48541
4.49043
1.73847
4.61075
5.48299
4.978
5.75792
4.978
0.860698
5.82623
4.82765
3.21232
0.152382
4.4112
5.42796
1.53148
2.66557
3.11173
1.86055
5.75064
5.69336
1.42394
3.05307
0.5111
4.16471
1.71686
1.40569
5.1451
1.87197
2.96427
5.36428
3.3143
3.26664
4.978
1.30161
5.57907
5.59789
3.3019
5.58105
5.36855
3.32785
3.60718
5.2681
3.30469
1.25564
5.47863
1.27384
1.65528
4.9803
5.30136
4.52181
5.59903
3.68112
5.32805
5.55805
2.0156
1.47409
1.87289
5.50511
5.17046
1.50406
5.31684
1.90983
5.1246
0.482791
2.69462
4.36947
5.08639
2.91916
0.408416
5.81823
5.50912
3.51499
5.11345
5.14862
4.67209
4.50451
0.339425
5.64359
5.6619
4.53612
4.69741
4.52044
4.66834
5.83025
1.23687
5.53747
5.85512
5.01495
4.45155
4.82982
0.245918
5.8075
4.9123
4.73397
2.21984
3.09107
1.58583
4.36457
0.209245
5.28596
5.57709
5.00694
3.00299
4.85934
4.978
3.24219
5.22936
4.78002
4.75487
3.89279
3.3977
5.37492
2.73129
5.19242
4.978
3.7632
4.56114
2.45889
4.96004
5.00916
1.1394
4.33482
2.29675
0.619338
1.03886
5.0038
5.28291
2.25755
4.93572
2.16403
5.61354
3.85609
5.3152
5.71308
1.3508
5.70598
4.16341
3.08818
1.57477
3.09202
4.53618
4.70822
4.978
5.57345
4.978
0.815816
3.36591
5.62356
4.55994
4.63364
5.36624
1.94995
3.06083
0.556314
5.52183
4.38678
1.11483
3.56581
2.02261
5.2693
3.45952
4.34452
0.426876
4.44782
2.66776
5.5874
0.00182054
5.30728
0.419163
4.55839
1.19619
0.0272492
4.95584
5.4015
4.83408
0.457606
5.7071
3.95629
5.19442
4.81629
4.20666
5.57619
5.82505
1.97736
2.55715
2.55261
3.90982
2.95983
2.42384
4.37541
5.55252
5.24419
4.87698
5.34883
2.45797
0.196266
5.31714
1.59545
4.76785
4.978
5.23509
5.17544
4.77082
0.620188
4.52663
1.81195
5.19319
4.42489
5.51899
4.52995
5.49414
1.35599
4.56175
5.15413
3.21378
5.42108
3.96854
3.46006
4.82326
2.19357
3.11413
2.16879
1.33481
1.63549
2.3813
2.70473
5.6619
0.803952
4.71669
0.870998
1.30639
3.33972
1.8777
4.94655
4.978
4.54553
0.0886463
3.31505
1.53542
4.85815
5.41668
2.34123
4.61239
5.5092
4.978
0.205717
5.49187
4.73887
2.5794
5.76816
5.29243
5.15877
3.47397
2.84311
2.62475
3.92488
4.96181
4.978
4.69907
1.80981
5.78796
5.1967
5.31903
0.552196
3.8308
0.692741
0.805882
4.6677
0.0330585
5.69285
1.82359
2.05021
2.45313
3.85059
0.0940559
4.72756
2.00941
0.731417
5.23325
5.82992
5.29596
1.62007
5.35793
4.978
4.88146
1.89721
2.18998
4.26414
1.02631
5.39084
1.45808
5.66014
1.6413
5.70718
3.64862
0.32725
4.66248
5.68295
4.21248
1.71584
0.273473
1.86282
2.29014
1.26629
2.40851
4.14381
3.48563
1.59276
5.07109
5.91016
3.44842
0.269355
5.12568
5.53391
0.4024
4.978
4.02748
5.61834
2.77738
1.93347
4.81022
3.51059
4.20862
1.27064
3.79033
3.1954
5.30375
3.89852
1.47205
5.75709
3.56986
5.32375
5.67955
4.78567
4.64292
4.32724
2.35512
4.978
1.72734
0.419969
5.69551
5.48845
4.79384
2.73616
2.39449
1.16959
2.17114
4.18583
5.11957
4.69364
2.78156
4.86982
2.80686
5.65763
0.178231
4.97273
5.49795
5.16768
0.664113
5.46228
2.15543
0.741367
0.597365
1.6604
1.5176
4.93101
0.976177
3.3678
5.56341
5.37894
0.869898
4.31501
2.92798
3.70006
5.59352
5.78919
5.35107
2.49207
5.55911
3.42766
3.92889
2.25135
4.68917
5.4022
0.609398
2.19604
3.18848
3.92764
4.77716
4.978
1.28567
4.978
5.12066
3.60925
4.45015
0.350399
3.70193
0.119093
5.21004
4.14496
0.896093
1.36076
0.468968
3.2022
2.45831
5.777
2.65145
4.25567
0.859016
1.54006
0.776538
5.02652
3.183
4.99352
3.663
3.4021
4.92553
1.56667
1.01872
3.01225
2.76789
3.00926
0.00820275
1.0796
0.933214
5.20968
4.56114
1.66793
1.89052
1.44832
4.56863
5.43501
0.0570971
0.240423
5.51723
1.69162
1.52693
4.34115
0.639603
4.48757
1.85244
3.32449
4.25286
5.59788
3.89654
4.978
1.70963
5.1907
1.67041
5.31507
3.87404
3.15176
5.18187
4.09593
1.77229
0.581346
2.75174
4.08507
0.833364
4.92809
0.445281
2.37884
4.978
0.257085
4.978
3.2408
4.05183
5.24449
2.56449
0.793268
1.09744
3.43546
1.18856
3.7915
4.83652
5.17198
5.52932
5.01719
1.10115
3.88865
4.90559
0.310263
5.66081
3.23655
2.14101
4.89767
0.9093
1.56447
3.94359
0.723969
0.0254364
4.34995
3.6768
3.81458
0.217392
4.09365
1.95596
5.60796
4.47002
3.97156
5.70874
4.84987
0.68252
4.4075
0.333966
5.21061
0.844949
2.80938
1.13007
0.970954
5.75318
5.64781
0.224851
5.41282
1.09366
1.08203
1.36637
0.986292
5.32013
4.7865
5.67424
4.33581
0.335193
2.0873
1.89664
4.67911
2.42295
3.16913
5.03528
5.51781
4.978
0.225551
3.378
3.78849
3.34407
3.26295
5.42576
4.55101
3.14705
2.10033
5.29178
3.56577
2.11011
3.39918
1.78026
5.03696
0.907406
0.457181
5.29602
5.24156
3.13128
1.29038
2.21625
5.30165
4.48551
1.20729
0.984855
3.79654
4.978
4.82496
3.37124
0.785853
4.74623
2.42723
2.07056
0.45671
2.53471
2.8169
1.82637
1.31587
0.821446
4.95096
5.61084
1.26594
4.978
4.30682
0.878044
2.70667
5.58448
4.978
1.81728
3.90348
4.17564
3.00244
5.31395
5.37208
0.113096
4.978
1.0827
1.24807
0.735059
4.21434
5.48983
2.69987
2.25708
3.2881
1.09465
4.36611
0.303271
5.52681
0.128983
4.978
3.78288
4.58318
5.74138
5.29693
4.90142
2.93763
2.24307
0.291186
5.61456
5.20309
5.62171
3.39347
5.59949
1.83599
5.57329
1.04259
2.59718
2.45434
3.69996
1.91021
5.74957
0.555738
0.135453
0.528147
3.01208
3.602
3.40856
5.10234
0.140753
0.687013
4.65508
5.70274
0.058969
0.509416
5.62023
3.72231
4.91297
2.61734
0.230303
5.40697
0.788088
5.40002
1.72112
0.30705
1.82742
2.59268
1.38974
5.33971
1.16545
4.22912
2.61913
4.11877
0.508104
5.72452
0.933986
4.69339
2.82473
4.978
2.31933
1.02125
3.39923
5.19033
5.18836
4.75507
5.78536
0.0214646
5.83316
0.257782
5.00291
2.59423
3.02421
3.79855
0.749446
5.25206
2.5335
4.62492
4.38456
5.75278
5.49374
2.97098
4.43594
3.39022
5.24291
1.71766
4.978
1.87957
1.7638
3.40865
2.36492
3.48006
3.84725
5.81604
1.70575
0.0615832
4.42243
1.62423
1.19799
1.68023
2.55332
4.27497
5.58472
5.43826
1.49987
4.39546
4.55016
2.90171
4.94234
1.41417
2.44641
2.76534
1.79236
5.71621
5.69076
1.14318
1.65345
0.964334
5.58578
3.13959
0.719618
5.66222
5.25128
5.69878
2.45301
5.68717
2.45419
2.657
4.67694
4.79949
0.109906
5.18785
1.27175
3.34762
4.67686
2.89992
4.47966
5.20263
4.4964
2.81983
0.262335
1.17396
0.840875
5.63441
1.61786
3.50064
3.3905
5.72948
3.34977
1.58392
2.28474
3.20987
5.54045
5.0693
2.42646
4.64354
1.94142
5.27782
4.05697
4.24388
0.448439
5.67784
5.93831
2.96413
5.51885
3.0812
1.1995
5.42007
5.4743
3.85835
2.07899
0.923036
2.52759
3.19363
0.841608
1.82821
2.51871
4.34113
4.08477
5.31848
2.03349
5.69791
5.18458
3.39774
1.90748
1.06433
3.83022
3.35188
5.34729
4.30793
3.90689
0.570804
5.414
4.27743
4.20704
4.0742
4.87723
5.79522
0.549455
0.170845
4.978
4.68617
2.49785
0.561004
4.20559
4.65156
5.71461
0.914257
1.65575
5.65531
4.92779
5.13842
4.45735
1.44349
0.142926
2.91152
5.35922
2.88495
0.442955
2.77972
0.486332
3.5628
0.179736
5.78991
5.02789
3.31857
2.16496
5.48429
4.98644
5.6351
5.20934
4.90498
5.67021
2.50954
3.42614
0.0637333
5.15969
2.29444
3.93379
5.82818
5.41153
5.69021
2.94375
3.50769
1.75072
2.81506
2.28936
2.54776
2.70374
5.2881
3.26623
1.47343
5.43111
1.80102
5.19448
4.15689
4.97069
2.0797
5.55218
0.865469
4.0574
1.43885
0.108321
3.6958
0.529883
0.260425
1.48881
4.978
1.7482
0.163528
5.03839
0.233555
4.52801
4.48386
0.919279
3.2264
2.45977
5.06708
3.10911
5.43704
4.59846
5.56363
1.67913
3.76376
5.88063
4.93244
0.49874
4.9728
5.54046
5.27176
2.56323
3.28327
5.27629
1.57085
0.760424
5.7983
5.73001
2.20114
4.978
5.47
4.80999
4.42537
1.85279
4.978
5.67857
4.63231
1.97324
2.57823
3.7853
4.94368
5.864
5.39854
4.66339
0.714433
5.43091
3.20011
5.56571
1.993
2.25146
5.01958
0.467355
0.0520612
4.3632
3.1001
4.75241
0.658527
5.57629
4.45707
5.31702
5.38464
4.25483
4.63949
0.921742
3.50177
0.534626
3.96369
1.76718
5.04595
4.94532
4.23503
3.56396
5.55117
5.3393
5.65229
4.61256
0.17051
4.11708
4.57444
2.2611
1.75765
5.28412
5.82325
1.23536
4.46929
5.83263
0.776995
5.66203
1.60986
3.80256
5.54452
5.69342
4.40457
2.37748
2.99525
5.58445
2.79638
5.0706
3.36845
2.25524
5.79355
4.48268
5.38843
5.553
5.18225
5.52568
0.559207
2.11604
5.56958
5.78956
5.0386
0.184568
1.84061
5.43281
0.67592
2.75373
0.289371
5.3356
5.66364
3.53436
4.28551
3.75711
0.0362701
3.95107
5.90314
3.27006
0.897861
4.8648
3.40797
2.68982
1.74394
2.23309
1.33994
5.07102
4.68748
2.64674
1.1386
2.09455
4.92725
5.70497
2.53416
0.281082
2.43861
5.25772
1.04183
3.06994
2.87076
3.63842
5.25938
3.14834
5.06151
5.45565
3.31293
5.33199
0.707547
3.70133
2.28853
4.75404
3.3727
2.59696
0.919552
2.79861
4.23548
5.49083
4.978
2.01299
1.58712
1.72274
2.72671
4.07866
5.44069
2.37211
2.29024
5.46592
5.45433
3.57321
4.6907
4.72713
5.7344
4.74365
3.19165
5.02862
5.52426
4.05004
5.77463
1.37247
0.659663
5.45913
3.67622
4.978
0.375745
5.672
1.29992
0.307778
5.37918
0.0586648
3.95482
5.43621
3.66047
4.25138
2.9741
1.17395
5.23454
3.1124
0.367528
5.51851
0.386734
4.45658
3.56464
5.52357
4.47972
2.59168
3.03675
4.98431
1.02389
1.88191
4.58691
5.74382
0.713446
1.85537
0.445204
5.06125
0.260799
3.90284
4.95205
1.8255
3.16444
4.92718
5.69419
5.59612
4.9585
0.363905
5.1806
5.38349
4.49492
5.3387
4.25938
0.552737
5.51389
0.501258
5.08229
2.21855
3.26107
4.38024
5.25878
4.35032
4.89796
3.01418
1.97022
5.27447
5.29711
5.44333
4.05488
4.55933
4.24143
5.50447
4.978
4.48995
0.158003
3.30847
1.57668
4.1083
3.72812
3.41236
4.57188
1.09176
0.611227
0.702508
3.59146
3.40372
4.06019
5.65606
4.78947
5.54418
3.08025
1.37525
5.64374
5.5562
1.60697
0.0203886
1.02612
5.33052
5.34787
0.990818
3.05154
0.198971
4.68773
5.52247
1.10989
2.11433
0.543424
4.978
3.05328
4.1194
3.42292
0.016952
1.67629
1.20028
0.0190517
5.02936
2.8065
5.03267
1.37341
4.12164
2.3764
1.62868
0.737165
5.74721
2.11286
2.10907
4.978
2.03401
0.811657
1.96034
0.411642
5.22223
5.45989
3.03973
0.65154
1.81544
2.40521
4.55906
4.79962
4.97699
4.978
4.51525
0.781461
5.18285
4.28099
4.18188
5.68614
4.24868
0.00441164
5.21154
5.53149
2.70312
4.68652
1.99221
0.399231
4.66638
5.47486
5.49313
5.23019
0.869714
1.65935
0.777376
1.76576
4.97189
1.86509
5.51577
0.458034
2.44698
1.31614
4.6825
5.82911
1.70058
4.85503
4.3476
3.37996
3.757
5.6752
5.23911
4.67022
0.47627
4.47551
5.03144
5.83544
2.19404
5.52537
0.773963
1.46555
5.30205
0.564397
5.3831
5.69949
3.58529
4.978
1.08224
0.113835
5.5196
3.25121
1.87269
4.6637
5.71192
5.64351
4.52588
3.938
3.34446
4.76789
1.83447
4.978
2.61548
0.535038
5.58402
3.26734
5.5562
2.51739
1.55611
5.2587
5.57234
4.43265
5.0687
5.20505
0.250499
2.11552
3.51726
4.76484
3.61786
0.304325
4.10041
4.978
1.42223
4.45875
4.91108
5.60987
3.39523
4.46679
0.333609
4.978
1.86017
0.004491
0.420386
5.53066
3.36914
3.78823
4.94498
3.20027
1.52868
4.978
4.83855
4.57717
2.3257
5.47973
4.14296
1.56453
5.3433
0.946857
1.32089
5.58946
4.87565
2.47666
0.942079
3.07515
5.72687
4.97171
5.66674
0.661564
2.50066
5.02028
3.37998
2.97559
2.78663
5.37295
3.22381
1.03695
4.98782
5.08213
5.22437
1.67523
3.70286
5.30871
3.75671
5.58644
4.95692
3.46973
5.45608
5.29514
5.02669
5.79592
3.96323
5.38225
4.70595
4.65032
3.41786
3.17443
0.31955
2.13012
5.61411
0.699241
3.42524
2.09694
1.78727
2.25825
3.60887
0.56804
3.53333
5.41328
5.6322
1.60496
1.03009
3.07734
2.64059
1.88289
4.27806
5.78345
2.51544
2.46588
3.08357
5.68373
3.56154
3.32483
1.2271
2.37403
4.67597
4.62897
0.906755
2.22514
4.19155
4.8051
4.05461
3.41624
0.44037
2.46543
0.0690574
5.34967
3.91296
5.28925
2.44311
5.47339
0.806253
0.192747
1.80259
2.74351
1.53298
4.26428
5.72025
5.18091
4.978
5.32289
4.53779
5.70197
5.29367
3.0179
3.44419
0.0600216
4.40176
5.68142
5.31121
0.204907
5.01432
4.978
0.179447
1.95823
5.54325
5.79109
5.62076
1.15685
2.6056
5.31181
5.2195
0.377042
4.51079
5.75234
5.08703
5.84834
0.0952115
4.12252
0.601769
5.62961
5.90214
2.30077
5.71528
5.09682
5.72314
5.71635
5.74718
3.38905
3.81267
5.25433
5.09785
4.35562
5.56841
1.20837
5.16386
5.87589
0.915138
2.5039
5.10382
4.57437
4.45078
3.72522
0.694726
1.30305
4.4014
4.978
4.94178
5.43773
3.82277
5.57275
3.33728
2.12246
2.25514
3.88488
4.59863
2.40567
2.45799
1.18873
5.52121
5.6368
1.072
0.543528
4.40823
5.70821
3.42821
4.72991
5.74346
0.437412
2.53043
1.14093
5.39601
3.61592
4.5894
5.03608
1.71464
4.18402
2.89627
4.73927
1.67206
5.63749
5.48388
4.79249
0.0301076
0.899911
4.96925
2.48754
5.69751
4.79664
5.63362
4.96776
4.46616
4.87346
5.54049
1.13673
2.92124
1.32588
2.23627
0.322502
2.1365
0.875765
3.75854
5.54603
4.34354
3.45544
2.84514
0.476986
2.56991
1.95801
3.45859
5.1705
5.15693
5.70563
0.147491
0.431447
4.978
3.57721
4.55013
5.50382
0.947601
4.0773
5.53885
3.76786
1.96754
5.84584
0.312422
5.46308
3.85053
4.76746
3.37018
3.37254
3.06174
1.03265
3.1307
1.63376
0.753906
1.55347
2.15705
3.37467
4.03981
2.93253
5.11662
3.84257
1.5817
4.11194
4.98258
4.978
4.978
4.55901
5.53172
4.78164
5.39724
5.36632
1.77535
5.39956
3.50491
0.402877
2.29755
2.81023
2.2288
1.24696
4.84965
0.370883
0.883913
1.81714
2.05664
1.65016
5.59806
1.36524
3.9566
1.95991
1.69493
0.109488
5.71297
4.73308
0.49564
0.855986
4.26192
4.90906
2.39218
5.44353
3.90942
1.54526
4.71395
1.77582
0.625271
2.62722
4.20529
5.84041
3.79754
