energy
0.144084
0.223686
0.157591
2.48759
2.69703
0.960967
0.195511
8.44697
4.04043
0.165594
1.51825
6.51526
4.18551
0.209279
6.30337
1.1285
0.752828
0.452552
2.90291
0.120691
7.21241
2.75346
0.331009
7.76365
2.66708
0.825001
0.215315
0.252787
0.904444
0.722908
0.879151
2.38896
1.94282
1.65002
1.14355
2.94707
1.36577
1.82555
4.67497
0.792229
7.44435
0.316742
0.787527
0.682268
3.81228
2.38816
7.19271
1.60379
9.23748
1.13446
0.237684
0.779765
0.233354
1.19452
0.71463
0.31141
2.69054
1.91911
0.913259
2.02076
1.75541
3.0366
1.0617
0.160812
1.34993
3.95648
1.9628
9.76627
7.67295
0.574352
0.775668
1.97866
0.11381
1.50457
1.73078
2.06955
0.12663
2.41157
3.48445
0.473282
0.326383
0.440923
1.15535
0.137261
7.38537
3.17898
19.2018
9.81014
0.272926
15.8907
1.23961
1.22497
1.60528
0.23944
0.160734
1.30994
1.41477
5.26879
1.39056
9.30784
0.374817
6.87052
1.0806
2.35424
1.79796
1.67599
2.20672
0.82358
6.56462
0.249073
0.706143
2.25225
0.110035
0.307915
2.51864
1.73035
1.30079
0.248843
0.556429
0.279333
3.81434
0.143415
0.542853
0.668134
0.99791
4.48324
0.402223
2.40299
1.4
0.123856
0.176175
6.54507
0.455408
2.4766
2.33858
3.39638
4.51575
1.7996
0.163022
0.105377
1.27774
3.52814
0.18875
9.07917
0.240879
4.23777
6.04137
0.539788
2.71479
0.186359
0.680031
0.896334
0.924604
6.59639
0.261668
1.67217
3.01453
0.894366
0.394972
1.83546
0.488638
2.25303
2.12188
1.31052
2.0511
2.69255
0.175048
0.489185
7.52343
0.206992
3.45877
1.43222
1.31324
1.02664
2.86331
0.163521
0.100594
0.10632
1.87157
0.735709
2.25502
0.659775
3.4627
0.221144
2.92782
0.516248
7.55684
6.51458
0.693482
1.14025
3.53299
0.802491
2.15396
0.304967
3.35071
1.97818
4.09142
3.01201
0.110108
0.316142
9.87197
1.15755
0.499226
3.66301
1.54177
0.492309
1.0205
2.21406
0.127457
0.408072
1.61142
6.51611
9.25797
3.56819
0.422376
5.94961
0.999856
4.56903
0.596044
1.33673
3.30657
11.466
0.757101
1.69946
1.91281
0.61423
0.184948
0.284954
3.13914
6.40403
0.256018
2.26818
0.416921
0.137921
0.591072
1.33467
0.808483
2.73293
0.592839
8.97522
0.610318
0.209989
6.87839
0.511436
0.361665
0.53809
0.125831
2.62955
0.678018
0.795746
3.97938
0.226732
0.544495
1.10638
0.495683
0.526236
0.244611
1.04109
9.13909
1.41112
1.98556
3.20001
1.38287
1.50768
0.959372
6.19359
3.10606
0.469783
0.14302
1.78417
0.682912
0.293572
5.74022
9.716
1.57689
0.171296
4.90648
4.96109
2.7331
4.89041
0.809425
0.118492
0.36742
3.68802
0.238671
0.606943
2.39238
5.82456
1.13548
9.60164
2.06052
0.149384
5.096
0.354322
3.63835
3.00173
0.205584
0.627833
1.07861
0.236528
0.971905
2.52341
1.06532
1.43277
3.36007
15.8122
0.590641
3.97054
3.58171
3.01469
2.06089
1.79164
0.833492
0.169291
1.07519
1.5889
2.62134
1.20622
4.51936
1.79412
0.271718
3.33996
1.69029
0.309686
4.78641
0.775401
1.93761
0.520356
4.6816
4.11276
1.38348
1.39577
1.55035
1.77696
3.98589
0.406
2.10786
1.85562
3.04479
1.31211
1.56455
0.788006
1.2618
3.65773
1.12922
3.39657
0.237909
1.7617
0.202855
2.10386
5.06092
1.05419
0.203351
1.93387
3.24789
0.110805
0.122836
0.976603
4.11343
0.128443
0.156464
3.52078
0.628622
0.528699
0.531523
1.6659
0.284976
0.157627
2.28995
4.82111
4.61909
11.6169
0.161557
2.08729
0.668801
1.33683
5.20997
0.122499
2.71217
1.52636
1.77956
3.4073
0.830368
2.98036
0.446349
1.74171
6.29737
3.59794
0.807622
5.79601
4.68566
0.190107
0.395579
3.77976
0.276098
0.691303
0.145842
6.55094
0.546684
3.24099
12.2543
1.04814
0.63138
1.29462
3.42647
1.54755
4.88319
0.444412
0.540926
0.830914
1.57708
0.258042
0.853467
0.990964
3.43555
6.26907
1.61651
0.641238
0.739809
7.35059
6.01251
1.11564
2.40142
8.29067
0.995179
1.56134
1.11373
1.17459
3.8667
0.814039
0.142566
3.88467
5.29776
5.97079
0.371952
0.783724
2.68244
6.85311
2.29584
0.721893
1.43898
0.266778
2.78543
0.42897
1.46125
3.40373
0.380268
9.29805
0.872037
1.54032
0.262063
1.72045
1.15795
0.112358
0.287253
0.895611
0.743509
0.428431
4.0845
0.562025
9.78752
0.510653
1.2578
0.368722
0.246566
1.18458
1.63546
7.39881
1.02407
7.42976
1.9699
0.957958
0.224614
0.223918
2.03813
0.486614
2.0491
0.981575
3.34669
0.443456
2.91573
2.72326
0.213809
0.100111
1.05852
1.94858
0.190522
1.2493
4.24247
1.25618
3.97337
0.418165
5.96227
0.319783
2.38968
7.07297
0.395738
0.987656
0.70174
0.422277
5.59586
4.31051
0.189167
0.186627
11.411
2.11012
0.236064
0.177715
2.1811
0.286409
0.137013
2.29102
0.156173
0.828274
1.74516
4.82757
8.72535
1.17572
0.440139
4.30302
0.881193
1.83422
0.714528
5.79848
7.63546
0.577951
0.394818
2.97026
2.02338
1.34542
1.68955
0.252103
2.98425
0.145129
1.85411
1.01689
0.698947
2.18642
0.996963
0.320192
7.16893
0.868332
1.25012
0.599082
2.10863
1.90875
0.627932
1.39659
0.654828
0.429456
6.10384
0.366992
0.214064
0.109955
0.129343
3.3651
4.86651
8.92293
3.75112
2.15332
0.466245
0.881245
1.1467
1.87424
1.55808
3.75781
0.353646
7.61191
6.32728
1.75686
0.565001
3.70038
0.402203
5.40779
1.3621
1.74089
0.777352
1.77789
0.15472
0.362903
1.51431
16.2793
5.89589
0.714781
0.126779
0.193435
2.79313
3.77193
0.135598
0.223064
0.125362
12.144
6.70705
1.42301
4.37518
0.182194
4.40174
3.53111
0.130533
0.436838
1.96831
0.566891
1.52066
2.20595
0.950591
1.34141
3.53113
1.07582
0.297834
0.777252
0.204987
6.71509
0.303204
0.242729
0.513478
0.539377
0.18894
0.998248
0.553141
0.784417
0.477076
0.1288
0.635311
5.66686
0.632383
0.26893
0.453709
1.37008
0.188922
1.8201
0.956321
4.82765
0.324867
0.141501
1.42254
3.70545
0.151712
1.8833
0.949575
0.135984
0.311865
1.72461
1.02984
0.129466
9.55622
5.83348
1.5471
1.90621
0.663208
2.35422
0.692652
1.77436
0.416882
0.4623
0.239975
1.26469
0.342018
0.37116
0.511012
1.0607
1.89212
1.9747
2.73311
1.41494
0.60585
0.197718
0.104106
0.185606
0.475851
4.83639
4.30803
0.566273
3.20199
2.76354
0.804628
1.14804
0.679977
0.307741
0.380238
0.586496
2.60133
3.0146
0.145154
2.11906
7.8608
0.530284
3.18122
2.95327
6.85735
3.94334
0.48563
0.54549
3.14331
9.04411
4.17131
0.826594
0.124505
0.252176
0.825715
4.87739
0.891485
4.76858
0.340889
0.149056
0.13355
0.207509
5.06262
0.96978
2.33375
3.40493
1.69135
4.74075
0.114525
4.91464
4.37126
0.313564
0.966065
1.75166
0.229175
0.491801
1.18895
1.17814
0.649255
5.55677
2.24879
4.11025
1.42828
0.163702
0.915847
0.271242
1.93194
1.80055
0.964413
0.720528
0.417431
2.72787
0.143201
1.78903
0.242216
0.162678
0.624018
0.644322
0.159296
1.03363
4.14446
0.432482
3.10703
2.0218
0.798125
2.85049
2.3054
3.72139
0.159351
0.700912
2.95307
0.125728
0.43189
1.61289
1.93839
0.55612
1.40353
19.0351
1.51899
1.26674
9.84657
2.83481
1.32769
0.962891
0.468655
2.10606
0.101131
11.1713
4.63546
1.18005
0.107023
0.776237
0.742721
1.36368
1.36037
4.93588
7.38777
4.35104
2.02228
2.09802
3.72901
4.49431
2.46802
1.87815
0.917628
5.88461
4.41386
0.69939
0.343834
1.82421
2.66234
4.0447
0.131876
6.57262
0.167776
5.10473
0.617792
3.45018
0.664339
3.06093
3.04799
3.73835
5.8086
0.577677
5.84325
1.59485
2.5145
2.17288
0.913998
0.517653
5.3339
0.490984
0.914353
5.2419
6.14498
3.05213
0.496866
6.63551
0.636622
0.800609
0.105419
1.56223
1.75827
9.55498
0.667436
2.77258
0.297207
1.43902
0.400239
0.99065
2.72501
2.97365
0.46432
0.168204
6.62936
0.715482
3.35561
0.429707
2.67222
0.488398
2.59652
3.67356
1.30177
1.72351
0.312138
0.255702
3.16489
0.21862
3.18424
0.365063
0.761743
0.760431
3.46873
9.94519
3.48697
1.64124
2.55314
5.59068
0.270577
4.9536
1.79579
0.468194
2.57931
2.4912
1.58219
0.275218
0.246981
0.53284
0.649805
1.03615
0.732362
0.505765
0.189917
0.620422
1.14417
10.6508
2.51859
0.640309
0.580259
2.11506
4.18146
1.66793
0.131487
0.418212
1.33646
1.58967
7.59258
0.447549
0.320322
1.95122
0.339836
2.41364
3.14202
2.20686
1.29161
0.163334
0.3927
6.04943
4.91255
0.633615
5.27382
3.1793
8.42409
0.333988
0.449735
1.89705
5.30132
0.696314
1.33319
16.4255
0.829917
0.145381
4.59753
0.409848
0.80796
1.28717
0.424697
1.0202
3.35431
0.604633
0.940183
0.382968
1.75795
0.287653
4.5719
0.334901
0.750544
0.460451
2.23755
4.87034
0.580839
3.35421
4.05206
0.224532
0.175905
0.951817
0.239269
0.100352
0.469204
0.108662
0.291142
0.102179
1.073
1.34162
10.7981
7.54266
2.67163
1.18643
9.18599
1.2426
1.80311
0.830945
0.811165
3.60519
0.152266
1.74327
5.42007
3.80043
0.363268
2.93924
1.63249
1.01003
1.96234
0.195942
3.49019
6.69696
0.429912
2.01734
3.58307
0.118153
5.33978
0.186891
2.97584
7.55017
0.40695
0.121048
2.67032
4.06277
0.112651
1.48527
0.156639
0.580369
3.50481
4.40811
0.737681
1.00047
5.29048
1.16473
3.61129
3.87665
1.75468
0.917801
0.81851
0.779368
6.49504
1.59548
0.576877
4.27476
0.880361
0.153095
0.180212
3.8946
0.905247
1.13498
2.3958
2.99323
3.80755
1.21373
5.13928
5.33996
2.53964
3.08876
1.65394
2.99191
3.58804
9.088
0.357964
2.47686
8.75267
8.62727
3.29761
0.19345
5.49361
2.64547
1.99663
2.02623
0.449074
2.14991
1.06825
2.56472
5.33737
4.39342
0.83226
0.418988
2.48056
0.438842
5.81089
0.809758
0.561788
10.1243
0.624553
2.67229
1.32909
15.2915
1.25352
2.41711
0.114025
0.314159
0.271038
3.1178
0.475437
0.339284
1.21071
1.93558
3.25868
0.364385
1.96697
1.43327
1.18082
2.56993
3.26495
0.161062
1.11437
0.942201
2.87514
0.551407
0.608369
5.41867
13.462
0.169705
10.6301
0.505328
1.29124
1.57471
0.932697
0.30152
1.45943
0.810849
1.27669
1.34061
3.25949
0.286828
0.743927
1.01749
1.28444
1.18764
2.43516
0.666078
1.46264
1.18731
6.04846
5.57548
5.67228
0.649882
2.56954
2.88553
2.14517
2.09716
0.37472
0.204425
0.633985
6.61223
7.69096
2.60815
0.100425
2.49205
0.170127
14.4759
0.670115
0.372677
0.10477
0.102064
9.17515
2.0222
0.562991
1.09547
3.27183
5.15266
0.391899
0.259747
1.5446
8.13529
1.44345
3.68512
0.163904
3.42939
0.310088
0.510703
0.220624
0.255381
3.43053
1.49726
2.73522
7.58616
7.88661
0.634542
0.903197
2.35881
0.339274
6.46549
0.109716
1.52208
0.997987
1.24779
0.565425
0.180909
6.19286
8.5699
4.39821
1.24848
0.131794
0.531826
1.11129
0.667844
2.24645
1.1119
10.0748
11.654
0.457314
0.902215
9.56945
0.72285
2.5532
4.09661
2.06092
1.88344
0.10002
0.387904
1.00037
0.835523
5.23243
3.66124
0.327921
1.64329
4.27819
2.9851
0.205004
7.02535
1.69484
6.52077
1.472
0.855624
0.792646
1.36852
1.42898
3.6364
6.51064
1.13325
2.55921
0.64484
0.40395
0.451763
5.28317
0.425465
0.307608
3.63402
0.207259
2.88815
9.11916
4.21596
11.6021
1.32764
0.932105
1.09044
0.942578
0.125816
0.154595
3.08737
4.48458
0.39377
1.54251
0.636706
2.8194
0.489758
1.53857
5.14734
2.61343
0.266978
3.02132
0.337721
1.18984
3.13383
1.92565
5.93657
0.345145
0.935407
0.497318
6.62843
2.88415
0.113037
3.92858
0.545046
4.76094
0.501625
1.12133
2.05865
9.34133
2.47887
0.220823
0.925066
2.4249
0.422242
0.16408
0.722494
0.426854
2.21673
0.710623
1.28169
2.32461
3.93059
0.334648
1.24136
0.293091
3.44807
2.39246
6.63192
8.03913
2.8542
0.802378
2.604
2.26118
1.82688
2.19348
0.976751
0.195252
0.733883
3.01935
0.101675
1.60016
1.76726
0.177004
0.809075
0.934497
2.3879
1.35078
2.55515
0.138144
0.149842
2.20551
0.438646
2.03566
2.64882
0.453501
2.89401
0.460834
3.3374
0.796824
0.19541
0.959408
2.19443
0.32346
0.460864
0.206701
0.646727
0.599114
1.04985
1.79941
1.82769
5.13708
0.145279
2.17745
4.82061
0.452503
2.09824
1.78021
3.75995
2.11986
0.115347
1.27695
5.96496
0.800322
0.121003
0.417335
1.86661
0.140603
1.40697
0.743649
2.20067
0.463925
0.598337
0.352741
0.412945
0.106578
0.103262
3.68731
4.7686
0.94626
6.58861
2.86844
1.73482
3.01479
5.50127
0.970633
4.14068
1.47025
7.94604
2.58567
9.66904
8.34147
0.962143
0.526848
1.93528
0.709276
3.09992
4.12739
3.40361
8.13644
5.25404
0.958952
0.284922
1.3947
1.60181
0.917643
3.60964
3.40904
10.0811
1.78891
6.18421
1.12472
1.2175
3.34722
0.317076
1.03907
0.743771
0.285227
0.235584
0.246736
0.33527
0.103669
1.80005
3.34317
1.89868
3.00417
3.41133
0.122962
0.197904
1.66176
2.55955
2.51046
2.64929
0.11287
0.264559
0.600204
0.102799
0.909487
1.65995
0.297838
3.61236
0.143794
3.30651
0.626988
2.76664
1.35056
5.35074
0.212103
0.173267
1.0639
0.997902
0.128101
5.95706
0.520668
0.387536
2.33524
14.105
1.52297
0.1849
4.55033
2.26693
2.67019
0.135467
0.460319
1.29419
0.72926
6.63837
0.105146
0.503051
4.7246
0.312915
4.90921
2.14168
1.14214
0.58825
1.77088
1.03085
9.60453
3.37604
1.46143
4.58599
0.451788
1.94269
0.18586
1.23461
0.193864
0.390798
5.26024
0.687554
0.161501
2.45194
1.05121
1.7468
2.23654
0.346932
1.42849
3.63199
3.08439
1.62056
4.65107
10.6067
2.82205
2.49419
3.83678
0.543025
0.795484
0.980995
1.6793
0.135943
0.674169
0.130988
0.270374
0.212575
1.18785
3.62055
0.740927
0.401679
1.68881
8.3648
0.200925
0.143246
2.46567
4.79244
1.04955
0.818407
1.03033
2.68272
0.105615
3.32166
1.62392
2.48535
2.39627
1.49487
1.36869
3.59079
0.904615
3.06024
1.95415
0.584238
1.05906
0.150309
9.0103
1.96267
5.66268
1.68037
2.00041
0.8055
6.14385
0.666122
6.56049
10.9013
0.33952
1.18439
0.338996
0.106164
0.463684
0.112324
18.9402
2.49509
3.1034
0.171428
13.2474
0.751034
4.80322
1.14316
0.175167
0.199039
12.5591
3.88886
1.24998
0.709982
0.295078
0.310081
0.650554
0.662166
11.4116
1.23328
2.96998
4.33343
0.156637
7.58792
1.65222
3.75598
2.29267
0.691536
5.63814
0.135718
0.60101
0.667301
2.36588
6.75091
1.80196
3.61804
1.0598
2.49948
2.55243
0.478263
1.47181
1.38251
6.51545
0.1318
3.6371
0.374006
0.819517
5.52693
0.284669
1.2124
3.60915
0.924958
1.79228
0.142559
4.83773
0.343339
10.6315
1.99922
3.16103
0.500218
3.67174
2.20457
2.26756
0.453835
0.194892
4.83983
1.62132
0.291445
0.11122
0.226686
0.548659
0.986343
0.367038
0.449568
2.09897
1.1141
0.101166
0.210619
0.562333
2.60238
0.993272
2.85893
2.16993
1.49428
6.80139
1.01891
1.28037
0.50494
0.21471
10.7696
1.30051
2.61176
3.87066
0.653182
0.147607
0.690261
9.26019
1.1191
0.832489
1.34562
5.26987
1.0694
4.19311
3.16394
1.60916
0.964399
3.97759
1.12817
0.40878
1.22768
3.34465
0.394136
0.312965
0.147708
0.228948
0.280957
0.727859
1.45307
1.48776
0.45838
1.67482
5.20045
3.68504
1.21529
0.136089
0.456564
2.39093
1.05013
1.02636
2.35124
12.9891
5.21153
0.92875
1.84192
4.3525
0.820011
5.13559
4.74458
0.12006
2.60047
0.468242
3.33818
0.870141
2.67889
2.14694
0.500885
0.889945
0.190421
7.56566
1.30179
1.54176
0.39959
0.326147
9.49597
0.359121
0.905984
0.216169
1.41316
0.307934
0.680835
1.90657
0.60781
8.9097
4.06883
0.135554
2.04098
1.13842
0.315465
0.464819
1.06383
0.323059
0.118311
0.466721
0.104782
0.607311
1.36735
4.99501
2.54379
2.41495
4.5919
0.224421
0.212594
0.244649
4.49575
1.35346
0.144598
1.01956
0.215926
1.01658
12.3109
5.64909
3.59526
1.04319
0.357111
1.58577
0.387902
1.13278
0.641289
2.63386
9.57683
0.34263
6.18193
0.642454
0.163372
2.05522
0.693129
0.376472
0.268288
1.48378
3.13531
1.8724
2.54081
1.73511
1.12958
2.69173
1.76614
0.540725
0.278164
1.08544
1.50475
3.02796
2.16095
3.70988
0.244212
1.23422
2.10433
0.272314
6.75831
2.95651
0.279963
1.41032
6.09944
0.782536
1.00009
0.191527
2.84827
9.53455
1.88946
0.185755
0.518128
2.76383
0.601873
3.54389
0.129897
3.08759
1.93972
0.145366
3.53278
0.425783
4.16147
0.773372
0.962767
0.846974
0.229052
0.192475
15.7152
0.425605
2.29863
1.33945
2.04799
0.156474
3.36403
0.361011
1.73341
1.01452
0.213696
0.313284
0.71309
1.04461
0.264064
0.409316
0.169801
8.00887
10.799
0.389265
2.97621
9.83895
3.15134
1.64959
0.645816
0.475522
0.174077
0.272268
1.14686
8.10171
1.37279
0.321886
0.169244
0.47469
1.55013
0.113795
2.16406
2.15151
3.47626
16.3561
1.79259
9.28319
0.131001
1.55148
2.34893
0.635689
1.8043
3.08131
0.579591
1.72136
6.56282
0.253109
0.554277
3.38649
0.257892
0.877306
6.22191
1.83878
4.84811
2.65081
0.730243
2.60493
11.5164
0.580059
2.3981
0.482462
0.179685
7.86965
1.5903
5.42452
0.979884
0.930283
4.36099
2.70574
2.53841
0.673017
0.209479
1.69494
4.2796
0.483814
0.232253
4.13218
1.38536
9.592
1.36546
0.632958
2.87849
0.852646
4.10713
5.49638
3.15764
3.34068
1.49091
0.219293
1.91638
3.80048
2.24343
0.452375
0.259213
0.506799
6.29028
4.29912
1.3815
3.99254
0.181759
5.12075
0.458326
6.76058
2.30536
5.87226
3.17871
0.604374
7.40016
1.85631
1.38358
2.20189
3.06472
0.644175
2.75233
0.398577
5.68897
3.6251
1.63482
0.571052
7.69115
1.65048
0.32877
1.96471
0.331527
0.113879
11.2448
0.391039
1.87812
0.165425
1.58122
1.11007
0.808893
0.214221
1.68818
0.154646
2.86525
2.24347
4.03606
0.11067
3.73053
1.98396
6.91725
0.670035
0.287212
2.22427
2.00416
1.60644
9.9046
2.26331
1.14162
2.97476
2.14452
0.104193
4.61195
1.57211
0.821364
0.494392
7.0724
1.33903
2.95698
3.33729
1.49663
0.280375
1.62877
2.78435
1.52282
0.273704
0.105708
0.155167
0.234105
0.203699
0.969836
0.907832
5.06813
1.62721
1.09556
1.26535
0.332705
0.158698
2.89257
13.5219
1.68784
0.112186
2.81902
1.10995
7.53044
0.443302
3.32814
0.998325
1.79094
0.441468
0.742749
1.05543
0.656533
7.07365
1.79171
3.19249
1.21857
0.154962
6.66774
3.80224
2.23102
1.09149
0.279227
0.773551
7.89155
0.142281
1.89362
0.575792
4.27759
1.02738
2.68965
0.606195
0.581022
0.159889
0.620452
1.48149
2.22314
1.90149
1.5938
0.470875
3.34188
1.25314
0.975584
1.7988
1.10484
6.80622
0.777018
0.391754
6.64367
0.501555
2.71606
5.24963
0.145943
1.29364
0.11701
0.543295
1.2633
0.661904
4.28426
0.206031
0.936963
1.19537
1.59182
7.69767
0.266681
1.99241
0.833962
4.94335
0.502151
8.33512
1.6672
0.508352
0.50736
1.17852
0.864356
2.38442
1.50881
0.980651
1.15778
3.22098
2.62899
0.417947
0.561057
0.683779
0.383136
0.868207
2.32204
1.0964
3.53711
0.588838
2.40108
0.101858
0.350137
5.28824
1.04111
2.31995
4.73088
1.00455
0.221642
8.01518
2.91556
0.122122
0.555457
5.42636
1.04046
0.857352
0.942925
0.211689
0.195868
1.12341
6.0988
5.75225
2.53695
0.362332
3.75414
0.245479
3.6071
0.836632
0.506063
1.98042
0.806565
0.62786
0.804878
1.98603
2.14278
0.14075
0.365342
