energy
1.34922
5.07167
0.52136
0.147016
2.73655
0.204873
0.393205
0.140098
2.75143
6.43131
2.86228
1.75736
0.749098
1.97394
1.34409
0.317789
0.771459
0.303979
1.44848
0.706935
3.80728
0.371542
0.251021
0.217562
0.278104
0.334668
6.62952
1.74486
0.655992
1.79795
1.49457
0.292433
0.233631
3.53805
3.12159
1.08422
0.584705
1.88044
1.4926
1.48552
0.173571
1.11037
0.999382
1.36133
0.235028
1.71649
0.278705
1.07524
5.73072
6.5982
1.97256
0.379196
0.852357
0.121595
0.873737
0.599302
2.86457
2.76578
3.14653
0.923073
2.39031
1.22713
3.08108
0.772745
1.52797
0.464761
2.36603
0.561025
0.105802
2.22174
0.123046
1.25956
3.2333
1.39569
0.159227
0.577351
1.06485
0.671003
1.10719
2.05351
1.79027
0.91775
3.87276
4.55788
0.226937
0.20128
1.35505
0.794929
0.11905
2.11157
0.328917
0.462062
2.89804
1.84892
2.64226
0.270828
4.99855
4.65719
1.06719
0.196089
0.87383
0.465478
1.5816
0.102957
2.19717
0.362784
2.2208
0.37849
3.11458
1.13157
4.58438
0.9453
0.368454
0.17693
0.599125
0.390889
0.263281
1.60638
0.108678
0.566744
0.180552
2.4243
0.155264
0.277081
3.36227
2.07624
5.08915
0.490612
0.367821
5.69933
0.533189
0.407472
0.227071
0.127997
2.86687
6.03121
4.48978
4.00029
1.0404
3.29989
1.03462
1.84575
1.83758
0.699241
2.21854
0.133737
0.207492
0.859417
2.52605
3.09248
1.61273
2.14632
0.973601
0.379354
0.3813
1.04283
1.13188
1.87718
3.9364
3.56473
0.301429
0.849816
1.3955
0.525832
6.48608
2.13863
5.87996
0.635056
0.339415
0.194283
0.414083
4.0762
0.52192
9.18809
1.64927
7.40281
2.08658
0.38825
1.51441
0.311181
1.90664
0.657123
1.84594
0.378501
0.130435
0.243734
1.16215
2.18885
1.53595
0.567035
0.994698
3.10541
0.246506
4.68675
0.352252
0.539992
3.6269
1.65852
0.747082
0.191422
0.113813
1.84788
0.293799
2.17767
1.7702
0.128495
2.11301
0.121038
0.596595
3.87324
2.1196
0.633354
0.534668
0.384052
0.620309
1.40213
1.50077
1.35573
0.365542
0.138264
1.16161
1.33255
0.2541
6.47954
0.907402
2.82581
0.841476
0.917001
0.98604
1.74071
2.46218
1.08661
0.86566
0.142086
0.444948
0.159082
0.424781
0.993192
0.730787
3.42329
0.815171
0.127678
0.20839
0.849943
0.675726
0.346847
0.264629
1.63852
0.146503
0.90818
0.250848
5.33353
0.734072
3.43144
9.64658
0.202695
0.340208
0.324073
0.778494
2.37563
0.701212
2.6423
9.48221
0.514111
1.61775
0.158168
0.460752
0.49393
0.673332
0.670957
2.12352
2.18996
0.399213
0.192914
0.384994
2.87188
2.19389
1.86814
3.97211
1.25874
0.41822
1.55741
1.51495
0.266794
1.05732
0.540385
2.90002
0.15927
8.68744
1.93813
5.79914
2.68258
3.43646
0.101323
0.529702
1.50615
2.66464
0.41718
1.25186
0.323703
0.906699
6.38868
1.4908
4.15892
2.24765
1.55179
3.49419
3.32916
0.124321
0.104814
0.32149
5.2901
1.37434
1.70432
3.91412
0.563603
4.31162
0.651553
4.88152
0.715875
0.582114
0.671261
0.311986
1.49551
0.480232
0.463952
0.414438
0.152504
0.355995
0.600985
3.11089
3.66124
0.807917
0.413515
3.37354
0.494625
2.21632
2.05431
1.24462
1.20629
5.67623
2.46856
1.22761
0.315298
0.138663
4.35078
1.53547
0.164916
0.718884
0.202217
0.216582
0.116001
0.134989
0.171064
0.258687
0.193357
2.02726
1.1278
0.782692
0.904182
0.155413
0.297064
1.35103
0.592538
1.85921
1.53426
2.4275
0.148661
0.851376
1.57189
0.101949
1.41546
5.79789
2.08997
4.74384
0.164117
0.52978
3.40004
3.44683
4.3999
0.729942
1.00565
0.798926
0.283657
1.03061
1.8825
1.33844
0.52661
3.07905
0.458428
1.3723
1.30432
0.272389
3.52681
2.46111
4.52016
0.561493
0.161886
1.02199
0.215703
0.456323
5.65027
0.400147
2.34638
2.6876
0.565763
0.696216
0.352827
0.552125
0.598214
0.224489
2.21291
1.97644
0.31849
2.50742
3.62749
0.276378
5.24205
0.173237
0.730852
0.54714
2.48834
0.379848
2.02316
0.264658
0.934461
0.20034
0.490691
2.05379
0.652241
4.39049
0.166927
0.493435
0.510653
0.231092
0.193629
0.824133
1.49587
1.30086
0.101336
2.38565
0.228844
3.41535
1.42924
2.79627
1.89382
0.317222
1.87721
1.41587
1.92692
1.99882
1.94858
3.28797
5.50808
3.97812
0.244467
0.205536
0.114991
2.50565
0.875773
0.132365
0.561873
3.46651
4.9058
3.28082
5.45781
0.563203
0.364884
0.397237
1.26408
0.624546
1.62554
3.96805
4.10902
1.57379
0.562175
1.74019
2.68522
0.376063
1.50815
0.881193
4.5979
0.181157
0.227239
2.35639
0.269404
0.953067
1.39547
0.826268
0.224362
0.227164
0.318845
0.424577
3.08397
0.626998
1.05116
0.242491
0.387377
2.53957
0.116845
0.989542
1.04098
1.35719
0.248863
0.846175
0.225671
4.90477
0.126969
6.25614
7.04253
1.27506
6.29204
2.48571
0.282027
1.2299
1.18814
1.1886
2.27894
0.321067
1.46368
4.12502
1.64871
0.496906
3.57813
0.445223
6.22702
1.15793
4.00551
1.61999
2.82229
0.113524
0.836739
0.5348
0.403588
0.672088
0.135633
1.92016
2.35471
0.133589
0.22633
0.497669
0.825076
1.86774
0.57098
0.994999
4.00719
5.36192
0.213702
0.141158
0.381277
0.65966
1.41757
1.15527
0.632383
0.613637
1.05338
5.68263
1.30093
0.110107
0.796131
4.79577
1.32635
1.99042
0.728306
0.332524
4.4558
0.111796
4.47825
0.163652
0.525533
0.239322
8.88673
1.33894
0.861488
0.100312
1.50817
0.541287
1.10363
0.132393
2.02487
0.47272
4.62878
1.05856
0.107093
0.114198
0.909116
0.455902
5.5503
1.81894
0.201125
2.06552
6.73734
1.11843
1.10815
1.3903
2.48911
2.4634
2.03139
0.554401
0.576619
0.607306
1.484
0.120047
0.964461
1.79809
0.439678
0.610054
0.122716
1.69579
3.60146
0.13355
0.813997
2.04894
1.63034
1.60194
5.1706
0.210693
0.268369
4.31507
0.707803
0.464153
0.988525
0.667075
0.401096
1.78819
0.424845
0.172751
0.786573
1.4308
0.411201
0.502693
1.46859
3.0783
3.75179
2.67831
1.56674
1.35249
1.31544
0.740004
1.70841
2.79678
0.271389
2.3068
2.04452
7.82028
0.158531
0.276488
0.48271
0.430785
1.47542
0.595791
2.93396
0.621656
0.370885
0.468655
0.121452
2.46937
3.89916
1.28564
0.222019
0.894658
3.40808
0.986544
3.21849
2.3579
1.36854
2.1193
0.365875
4.50787
2.4583
0.124817
0.196369
0.158598
1.003
3.63158
6.28393
0.154436
8.29909
0.616043
2.18783
0.162189
0.569796
2.1613
0.189073
1.59415
3.06877
0.410171
0.244363
0.150919
0.358525
2.04371
1.09394
2.9098
1.27801
0.221929
0.147618
4.27144
0.940814
0.177996
4.01389
0.906707
1.37308
1.33115
0.343317
0.143336
0.711581
5.8206
6.09704
4.16961
0.473613
1.25594
5.66013
1.55645
0.138592
2.11444
0.393028
0.713004
2.90939
0.356637
1.77838
2.07444
2.28825
8.31246
0.882444
0.717601
0.166612
1.2181
4.83998
0.263113
0.845247
1.91864
0.402955
1.12891
0.163629
2.18111
0.294738
0.238305
1.04524
1.74425
0.618758
0.886174
2.36504
2.19996
0.389824
0.621879
0.275904
0.629875
1.82639
1.81083
0.221402
1.10243
0.886741
0.622849
1.39552
1.19287
0.236361
1.1524
0.288764
1.10922
3.36775
2.9988
0.904055
0.75874
0.193108
0.526632
1.65609
0.187643
0.239198
1.35659
0.137367
0.838526
0.460451
0.709693
0.364068
1.31827
0.26684
3.581
1.07724
0.194144
0.190524
0.163207
7.28544
0.377934
0.684461
0.508669
1.02595
1.29839
1.59777
1.47732
4.92596
2.66254
0.345852
1.35942
1.5894
0.279817
1.39726
0.252936
6.6804
0.631112
0.176862
2.36825
0.568798
1.08854
0.475092
0.137952
1.17513
0.224805
3.25377
0.696321
0.268347
0.801887
2.22024
4.43051
0.839107
2.57231
0.449736
4.07832
1.62285
2.39985
0.402881
0.580016
0.672473
3.32257
0.221079
1.2915
3.42176
0.371117
0.1351
6.37216
0.878831
4.84514
0.891125
0.287837
0.542385
1.10348
1.99119
7.02274
2.84939
0.617722
1.33945
0.136623
1.75748
0.148962
0.118901
1.45469
3.63979
0.793982
0.37255
3.90668
1.74622
0.365585
0.549482
0.131322
0.37823
0.1749
0.127536
1.72445
1.44846
0.181007
0.116729
1.40807
1.21053
0.124446
0.591796
0.239616
0.989486
1.21249
3.77327
0.107009
1.35853
1.70649
3.45448
2.41125
0.38843
0.209234
1.65179
0.229816
2.74249
0.686675
3.376
1.84445
1.54905
2.62502
5.99766
0.100047
0.25966
0.318169
1.64798
2.45499
1.60701
0.414575
0.947423
0.665098
0.12149
1.34641
3.48348
1.7381
1.89652
0.162496
1.67654
4.05186
2.55044
0.445532
0.10752
4.54077
0.856554
0.357411
0.162131
2.23022
0.302245
1.68648
5.46556
0.414025
0.178007
0.170555
0.811453
2.61741
0.161277
2.56784
3.94147
0.886622
1.76229
0.115974
0.788964
1.06858
0.539718
2.91085
1.84504
0.107624
2.05274
1.33392
0.12243
5.16827
1.22789
2.18425
1.19104
3.61861
9.18234
0.563965
0.763726
0.596309
2.01046
0.392381
0.164468
0.523219
0.481937
4.14676
4.26308
6.20904
1.34966
0.382493
0.565813
0.11467
1.59833
0.124967
4.98219
0.929206
0.233083
2.01172
1.04418
0.220624
0.330807
11.7627
1.40573
4.44197
1.87673
0.805126
0.954965
5.90306
4.35728
0.752255
0.336277
2.99653
0.315621
0.182774
0.263418
0.951228
0.93676
5.12823
0.539364
6.34683
1.30557
0.122196
2.18776
3.86391
0.357376
0.318052
3.33085
1.43307
7.44164
1.12715
0.726593
9.6857
0.210142
0.10274
0.150447
2.43525
3.79039
0.135844
1.08516
5.44002
3.77857
0.754955
0.170013
1.24653
2.32103
1.01421
1.49021
4.40047
0.91925
1.20958
2.24906
1.33947
0.420644
0.134928
0.774055
3.39227
5.38877
0.453107
2.42805
3.26792
1.28372
2.17714
0.463821
0.274649
1.14792
1.35616
5.22897
0.102115
1.91875
3.27895
0.12659
0.62175
0.946794
0.196774
0.447597
1.10298
2.26762
0.233157
0.319231
1.47902
0.134449
0.607013
1.79749
1.22002
3.95952
0.131166
3.17542
0.314634
0.104546
0.792816
0.878314
1.40663
0.272885
0.961722
0.814446
0.130341
0.64377
2.08066
7.19577
3.33737
0.124666
0.95766
2.37952
0.341975
1.4529
0.168025
2.17563
0.782342
0.134144
1.13121
1.28793
0.785343
0.947056
3.38759
0.934041
1.42243
0.915173
1.93236
3.50133
0.739769
1.40955
3.30069
0.895577
0.326409
1.9217
1.99868
2.29301
0.651474
0.650866
3.20976
3.48669
6.47508
0.606895
8.49966
2.914
0.336138
1.19601
1.06741
0.112376
0.101875
6.73438
0.402853
0.558213
0.944753
3.53327
1.89922
0.376737
2.19331
0.305853
4.4842
5.3201
0.117205
0.939078
0.124879
0.10835
2.74246
0.140276
0.874537
0.254327
0.378638
0.363657
3.72475
0.291209
0.301586
0.314187
0.195915
2.45955
0.203714
0.389971
0.641547
0.427732
0.253728
2.00403
1.65572
0.106224
0.30398
3.68724
1.94324
0.747067
0.124165
0.457404
0.34133
2.74565
5.72933
0.514858
3.4283
0.499777
1.11775
1.96033
0.181712
0.71923
0.563372
1.54216
0.700298
1.91479
0.541703
4.31776
3.8038
0.198142
0.609355
2.00579
0.514122
2.38699
0.360069
0.18325
0.602635
6.06481
1.02695
0.393706
1.0934
0.188519
0.850267
0.194685
0.112932
2.7993
0.564418
6.3297
1.03892
6.15288
1.29784
0.998456
1.36718
0.312012
0.635786
0.296577
2.24778
0.822425
1.33153
1.79855
2.08708
0.813105
2.4724
0.232434
0.338386
0.643377
0.885617
2.62161
0.107417
0.566631
1.52242
0.751574
1.25478
4.38319
3.3909
0.720828
4.54972
2.87787
5.95153
1.36894
7.06923
3.93275
2.54629
2.9145
1.12754
0.788956
0.307028
0.340047
0.105338
1.3223
0.10396
7.48554
0.871807
0.298614
3.22377
2.5447
3.31933
0.550387
3.94172
4.54355
1.14211
1.394
2.89809
0.1285
0.568693
0.484753
2.46703
0.528704
0.429708
1.4015
0.258107
2.73668
1.2163
0.559333
0.660167
1.54048
0.143246
0.163992
4.89186
0.212913
0.435448
0.40494
0.724301
0.20023
1.97772
0.757848
2.38806
2.8587
0.142636
0.100727
2.47501
4.02158
4.51227
0.261344
7.21291
5.84296
2.71695
3.79612
0.764148
1.7431
2.51229
1.99117
1.19835
0.635768
1.26337
0.144028
0.904479
2.65715
5.56782
0.402844
0.617752
2.46174
0.795687
0.58959
0.125908
0.427298
0.699018
2.01087
0.464737
0.75447
3.68855
0.135777
0.508317
1.02866
1.00415
2.47195
0.139555
2.74997
0.939878
1.50404
1.13425
1.2075
0.894
3.98958
1.00863
3.19401
1.49292
0.492431
1.2069
1.95287
1.50373
7.02895
0.994604
1.61583
4.84721
0.863112
1.41292
0.280223
2.07782
0.446331
0.434506
2.68778
0.107037
1.13884
0.131568
0.500398
1.3441
3.66897
1.78302
0.347067
2.13913
0.249671
5.44404
2.09596
0.709156
0.929712
1.93157
2.6192
0.179363
4.41767
1.1535
1.37132
1.60127
0.500662
0.177238
0.737299
1.03618
3.54434
0.782884
1.71981
0.513994
1.88742
0.185235
1.12764
0.111926
0.34504
0.625436
6.33995
0.328795
3.68745
0.826752
0.224042
3.26885
0.716009
0.696647
2.4511
0.957572
0.645304
2.27829
0.38805
0.726905
0.192595
0.923317
0.3661
0.120789
1.26834
1.57953
4.32821
3.57176
0.191934
1.04226
0.414906
2.0579
1.11814
0.154728
0.264773
0.854278
0.346165
0.289625
2.63172
1.92414
0.175744
2.60742
0.475791
1.30717
2.56707
2.17905
3.43513
2.47767
2.80993
1.55293
0.925288
0.19208
2.17297
0.377833
0.175168
0.781691
1.90561
1.26421
0.111222
1.7069
0.373046
0.283158
0.439671
1.85205
1.96014
0.590242
2.75672
5.19334
4.63516
0.21493
0.187941
2.30389
2.84261
0.250009
0.519564
1.17504
1.07831
1.16086
0.855089
0.379717
0.338705
1.54399
1.73046
2.63674
7.14162
0.131359
1.0738
0.197755
0.321418
1.26903
1.92989
0.889073
2.03009
2.51921
2.3076
1.79306
1.40256
2.45608
0.475833
2.92672
0.109617
1.47866
0.335743
0.226739
2.14735
0.883713
0.323593
0.64922
1.18842
1.06266
4.25523
0.273062
1.47532
2.57216
1.20188
3.28318
1.3166
1.39672
0.341209
1.26523
1.46779
0.566278
2.03396
4.07496
0.174399
1.15145
0.946359
1.9355
1.08009
0.280834
0.845621
0.389885
5.08016
2.39564
0.236766
5.54018
2.04444
1.86481
0.658658
1.40182
0.395925
1.1773
0.160878
0.618589
1.29074
0.182845
0.371819
0.868981
4.29128
0.59387
1.6535
4.82485
1.63479
0.740144
0.83742
7.17329
2.52286
2.2503
1.23882
0.374915
0.794957
4.71816
1.05643
1.76197
0.271764
7.30965
0.105279
0.108629
0.804021
0.433528
0.129181
0.338757
1.53705
3.2299
0.176914
0.767371
2.3104
1.44427
1.6825
2.70463
2.86646
4.63417
0.207956
1.77099
4.38251
3.46838
0.450965
2.11064
0.718041
0.623994
1.04729
1.60293
2.87122
1.471
0.879607
2.99969
0.6999
0.822332
0.35984
3.57839
0.424389
5.96351
3.20173
1.81535
0.234722
1.61804
0.449538
0.110318
0.217723
1.8674
3.92453
0.126876
0.197288
1.62628
3.46364
1.68248
0.33249
0.161425
0.543349
4.38661
2.74429
0.956668
0.658783
2.31492
0.390459
3.69505
0.734371
1.15191
1.90745
4.61894
1.78655
0.217785
0.148923
0.523276
2.68756
0.657907
0.626778
0.416895
2.86064
0.413672
1.11845
1.70258
2.42592
2.74722
0.444289
0.677326
0.129788
1.04815
1.5244
8.47867
0.109355
0.510632
0.709071
0.741727
0.785239
1.10183
1.21056
0.310979
0.331527
1.59216
0.459362
0.428511
0.189067
0.598537
0.641352
0.415961
2.10499
6.47948
0.531862
0.616902
4.15035
1.31371
0.195576
0.887714
2.29989
0.619369
3.21178
1.8166
0.195448
0.131011
6.24821
0.781122
0.149039
1.67716
0.122321
3.03472
1.24893
0.163351
0.642683
3.5525
3.5829
0.210328
0.14446
0.784735
3.32326
0.772168
5.91928
2.12582
3.54026
0.184078
1.86471
1.35595
0.670812
1.57107
4.25625
4.87347
0.131545
1.40077
0.549863
0.77554
1.09297
1.8236
1.86923
0.499787
1.3171
8.79944
0.364402
3.16457
0.662531
0.500462
0.461073
0.351507
1.45371
0.786129
0.255083
4.07044
3.48681
1.50061
0.128287
1.02263
0.958826
3.45649
0.199917
2.13323
0.235887
0.294575
0.315678
2.73955
0.732084
0.444337
0.503214
0.890999
3.70656
0.262924
1.12803
2.36632
1.37954
2.50073
0.380882
0.742797
0.644958
0.683152
0.131191
0.430678
0.105024
1.5652
1.29364
0.368037
2.15518
4.88307
0.632787
2.70593
0.219305
5.8572
1.51015
1.93551
4.90497
0.331039
1.37251
1.61253
1.19786
0.422672
1.89744
0.388356
0.69145
0.541864
1.71217
0.527365
0.295212
2.22084
0.908457
0.503065
0.192096
10.1832
0.119399
4.59581
2.3996
2.115
2.79837
0.845037
6.18267
0.273492
0.448399
0.1201
0.597035
0.240228
2.01204
0.245666
0.499284
1.68315
2.26984
0.165281
0.316244
0.414233
0.620711
1.15898
0.383299
0.186114
0.575186
0.777027
0.456358
1.08236
2.20496
2.71997
0.555267
4.47576
2.32286
2.69705
3.28428
2.62698
0.509484
0.598026
0.360342
6.52868
0.636081
0.880905
0.450233
8.24437
0.91054
2.3128
2.89807
0.72811
1.46556
2.81075
0.43954
0.548673
0.734132
0.31469
4.29115
5.95801
0.680483
0.126576
0.943377
1.48326
0.351263
0.317772
0.173367
1.14485
0.127491
1.25993
0.82032
0.52619
0.393616
0.103632
1.16024
1.01776
3.69011
0.458322
2.94442
4.84016
0.215907
0.276371
0.690539
1.48868
0.246704
0.182724
0.651363
0.20604
7.39571
1.9767
0.584154
1.13865
2.64646
3.95349
0.549514
0.258913
1.03788
5.90111
1.24462
1.00558
0.572072
1.38087
4.26952
0.342072
0.639302
0.296538
1.63422
0.621551
0.80888
1.79163
5.14248
1.28905
2.37845
1.61919
1.18474
0.182232
5.31284
1.38529
0.366217
3.46804
0.126465
0.631716
2.58996
3.77043
3.86644
0.804707
2.14125
5.20719
6.75605
0.662844
3.34112
3.85014
2.85616
2.20959
6.37432
0.104575
0.291373
1.01877
0.981684
0.249936
3.8977
1.39072
0.126542
1.05382
0.745234
3.03139
0.916927
1.75185
0.122504
1.53857
0.718518
0.664914
1.0254
0.80276
4.28073
7.31792
1.22587
3.93067
0.669972
0.102556
0.330431
0.358278
1.17516
8.71853
1.52078
0.239028
2.70058
1.0442
1.49044
0.66973
0.297389
0.10966
1.76367
2.03721
3.39824
0.488268
0.801354
5.28615
0.807732
3.59842
0.456049
1.46049
0.792802
2.63528
1.61273
0.114375
0.195163
0.24367
1.62668
1.12948
0.833549
1.21677
0.419659
0.98792
0.908253
0.204696
0.899105
1.24165
0.171878
0.849705
2.92889
2.55546
0.282086
0.624319
0.300992
1.73906
0.399522
0.611318
0.709011
0.592601
0.73024
0.550544
2.57732
3.15241
0.886443
0.110263
3.46195
0.416775
5.3489
0.408831
1.94793
0.850283
0.565243
1.27576
3.52347
3.7156
0.151355
0.244908
0.220029
0.302835
0.183853
3.89232
0.254518
1.40892
0.502665
2.8535
1.22371
0.322008
0.187815
6.19849
1.2804
0.632868
0.738472
0.452711
0.255813
0.203033
2.03428
0.649093
2.86847
0.85139
10.1189
13.5789
0.16764
5.55118
0.863845
0.182931
1.14387
0.120921
2.39953
2.20966
0.268623
2.3205
3.17233
1.50034
0.299013
0.770904
1.63904
0.121359
3.01325
0.628926
2.11238
0.625424
1.30162
0.578067
1.99877
0.269996
0.912997
5.00027
0.120766
4.24046
0.878113
2.97077
9.10273
3.06112
1.14031
1.62012
1.3478
1.63185
0.596489
0.25879
0.717617
2.46852
1.26224
0.410568
0.480696
4.6723
4.83357
0.110895
0.366127
3.72587
0.540457
1.43495
0.87412
0.556034
2.36
0.823041
1.62743
1.62729
0.167982
0.115198
2.83598
0.70344
7.80617
0.315076
1.30894
1.70208
0.306614
0.148695
0.525931
0.559184
0.132637
0.662027
0.699656
0.844133
0.108245
0.14766
4.32944
3.87157
0.40657
0.145818
0.703118
2.07699
0.903363
4.16474
3.86873
1.07959
2.51019
0.100754
2.09174
1.5908
0.536737
1.04254
1.75458
0.307537
5.08421
1.11218
0.997956
0.424783
1.45279
2.88914
2.27366
1.75255
0.113794
2.07707
0.508639
1.69469
0.458394
0.275111
0.199986
0.721602
0.453889
0.103144
5.70068
0.9408
2.13094
1.89957
3.3229
0.448579
0.144574
0.324557
0.148329
1.25174
0.610449
1.1755
4.44127
0.628931
0.262354
0.712668
0.307604
1.10709
1.66551
0.195725
0.470895
1.53872
0.1861
0.216338
0.156851
0.153444
1.94463
1.46237
5.28186
1.10445
0.313405
3.10043
0.332813
0.818265
0.150293
1.21142
2.18424
1.24518
2.09248
0.116659
0.227174
0.92188
7.79467
0.371548
1.00504
0.810724
0.572847
1.58506
1.12448
0.160008
1.00757
0.712327
1.52322
0.281996
0.847595
0.608932
3.14675
1.12797
1.68838
3.37102
2.27295
0.317594
0.246772
0.943404
0.133291
0.880304
6.00471
0.808626
0.736981
0.664118
0.318834
2.69089
4.54241
1.07029
0.781948
2.18328
5.38453
0.322989
6.21753
1.71512
0.928058
0.555228
0.268333
1.06219
1.47174
0.711628
0.438268
0.911622
2.69366
1.0598
2.92142
1.42006
0.531768
1.04379
0.112695
5.36987
0.193555
0.193534
0.16199
