energy
0.0926611
0.622347
0.0699217
0.109035
0.174594
0.619769
0.112146
0.324792
0.105007
0.339928
0.163651
0.221848
0.100968
0.0601355
0.0467179
0.266206
0.312194
0.0334251
0.548772
0.465594
0.12524
0.207973
0.25071
0.0617428
0.182514
0.622586
0.405071
0.0707062
0.0482462
0.221448
0.342583
0.621495
0.196741
0.27177
0.248028
0.223739
0.892833
0.14152
0.189859
0.338929
0.12416
0.150167
0.0985941
0.12214
0.101933
0.192411
0.235383
0.321241
0.00261875
0.205835
0.0668661
0.0331747
0.118846
0.178935
0.279475
0.0555314
0.0107648
0.165865
0.300791
0.0192807
0.226996
0.0671354
0.312591
0.622511
0.0511317
0.372045
0.0224305
0.28775
0.0724595
0.335027
0.399638
0.34953
0.10574
0.219001
0.387118
0.0849924
0.139135
0.161249
0.358075
0.134951
0.228593
0.167929
0.0855719
0.226701
0.0257364
0.0985389
0.186983
0.341633
0.0966832
0.425797
0.267303
0.309952
0.322666
0.143964
0.138701
0.107503
0.298731
0.0871081
0.0288888
0.137982
0.654222
0.28405
0.0131593
0.854988
0.0994942
0.212526
0.623169
0.113767
0.00957028
0.219053
0.0414098
0.62183
0.0825788
0.143931
0.402132
0.213723
0.144863
0.0327688
0.16342
0.288296
0.312532
0.428679
0.348757
0.1348
0.120083
0.289076
0.399859
0.27739
0.0552207
0.272419
0.227374
0.00140183
0.102718
0.340723
0.228313
0.338564
0.331058
0.0394897
0.257231
0.0667716
0.404162
0.843678
0.306408
0.220632
0.610882
0.113028
0.663852
0.126638
0.199738
0.162577
0.0458413
0.257043
0.222671
0.758768
0.660939
0.445615
0.297448
0.148582
0.0663297
0.42997
0.622324
0.0353356
0.417928
0.0621883
0.0882385
0.158533
0.082626
0.369056
0.123236
0.100632
0.0675815
0.342958
0.324667
0.0875253
0.121063
0.278775
0.0628476
0.114146
0.0764974
0.0365413
0.200071
0.146765
0.249304
0.0267469
0.160168
0.219837
0.0930116
0.224581
0.0917238
0.103335
0.321177
0.235072
0.0112966
0.201175
0.241597
0.469269
0.0755171
0.368256
0.640472
0.36566
0.171524
0.621682
0.181682
0.0666532
0.275814
0.363693
0.179844
0.00290141
0.226664
0.0589808
0.124799
0.228518
0.454093
0.262723
0.379288
0.0920406
0.150714
0.161116
0.383039
0.276946
0.371331
0.276493
0.368496
0.14338
0.322714
0.0720916
0.129058
0.0813704
0.21178
0.109129
0.0837179
0.192182
0.521353
0.284875
0.265469
0.16065
0.0722929
0.153512
0.150914
0.0836373
0.0851642
0.0420773
0.0152659
0.0313806
0.261851
0.0414237
0.25115
0.237777
0.0332522
0.0930596
0.295695
0.313011
0.045167
0.341986
0.517524
0.23784
0.0880588
0.359929
0.246764
0.340017
0.251894
0.622247
0.0796233
0.27494
0.0319193
0.0384158
0.0496252
0.81373
0.16681
0.0661154
0.0317787
0.24353
0.346473
0.372758
0.193945
0.0357543
0.212323
0.20093
0.018178
0.147928
0.167141
0.620452
0.0016738
0.430846
0.0566544
0.13953
0.619903
0.130559
0.427634
0.405704
0.112828
0.0610395
0.232417
0.075444
0.173579
0.00482369
0.000625764
0.260722
0.314791
0.0917067
0.074284
0.12586
0.616443
0.191003
0.622617
0.0129972
0.194356
0.12191
0.0372316
0.0596682
0.412734
0.267272
0.29958
0.111304
0.445446
0.189648
0.0672273
0.421054
0.0729383
0.148177
0.107521
0.354259
0.420044
0.622791
0.128974
0.177781
0.366432
0.152853
0.312902
0.0557074
0.62294
0.283671
0.173945
0.392749
0.69288
0.224028
0.00572664
0.254622
0.247466
0.249114
0.279209
0.100456
0.20315
0.298675
0.442105
0.258272
0.16252
0.169728
0.157265
0.139184
0.0502482
0.0536884
0.245817
0.227954
0.248856
0.211914
0.15846
0.621125
0.394985
0.666692
0.0975495
0.129252
0.0208847
0.0610781
0.252944
0.212278
0.331561
0.0783415
0.336147
0.0853582
0.239975
0.189113
0.0406936
0.367274
0.0473472
0.20321
0.160052
0.357883
0.731255
0.191017
0.697853
0.0913893
0.5562
0.104141
0.249416
0.873237
0.610476
0.61904
0.14046
0.403382
0.240437
0.112775
0.155871
0.0148218
0.0341739
0.622229
0.0110637
0.652494
0.126336
0.763819
0.0126041
0.170773
0.622641
0.381567
0.0454994
0.122334
0.316757
0.0757746
0.0322055
0.292407
0.153613
0.120923
0.102851
0.141489
0.300699
0.282827
0.313321
0.621209
0.586771
0.128857
0.501441
0.349851
0.0656343
0.0744921
0.0695597
0.301037
0.0322054
0.278304
0.0589991
0.0375984
0.0648294
0.546571
0.29924
0.0945837
0.0491003
0.235126
0.135536
0.114128
0.224489
0.194658
0.253266
0.0647814
0.307239
0.422978
0.025174
0.254641
0.276805
0.0798631
0.0886063
0.657197
0.173363
0.0737601
0.0633751
0.150414
0.01572
0.305398
0.416056
0.165285
0.23094
0.218967
0.347771
0.096494
0.0694533
0.0398752
0.985579
0.108022
0.151326
0.0651932
0.382945
0.0652552
0.136075
0.192704
0.111667
0.448351
0.0166205
0.38997
0.086595
0.331938
0.461568
0.3119
0.420804
0.621722
0.325443
0.117459
0.264706
0.00482368
0.146024
0.10151
0.201405
0.62301
0.0208742
0.413231
0.653083
0.172301
0.282038
0.140393
0.0485968
0.284333
0.454118
0.812622
0.283887
0.0322097
0.35604
0.162184
0.291258
0.0456713
0.293744
0.216936
0.0348526
0.411371
0.0859333
0.28248
0.196653
0.184012
0.0819352
0.153687
0.0893326
0.0680623
0.00214557
0.163423
0.414422
0.259417
0.0691717
0.0175082
0.263668
0.188964
0.298292
0.200826
0.0966365
0.0718185
0.0756846
0.080077
0.0574999
0.139626
0.116438
0.0353738
0.475391
0.621954
0.183787
0.224324
0.201544
0.621861
0.316307
0.345301
0.307845
0.162658
0.379826
0.623373
0.881998
0.184683
0.305617
0.142062
0.621945
0.621623
0.62299
0.184791
0.254538
0.78068
0.105312
0.118977
0.6267
0.220925
0.0347874
0.0413014
0.186199
0.130748
0.0243179
0.121116
0.388971
0.0719464
0.151583
0.301915
0.242519
0.138271
0.076263
0.148931
0.0299757
0.0492089
0.271546
0.776191
0.101452
0.000360093
0.303301
0.120724
0.15479
0.0837996
0.21218
0.0852523
0.409525
0.621643
0.155234
0.311532
0.170753
0.0322057
0.621324
0.0625531
0.315931
0.0387547
0.626497
0.23895
0.0330983
0.658724
0.101723
0.0451451
0.0887758
0.390388
0.0854737
0.172052
0.0796787
0.398861
0.312829
0.229337
0.243077
0.187206
0.985308
0.336393
0.234121
0.242747
0.466291
0.0954646
0.287253
0.313469
0.024606
0.0198969
0.308089
0.0807403
0.0696737
0.0513217
0.045382
0.622279
0.299355
0.363521
0.0971761
0.000182283
0.359994
0.557117
0.242536
0.126566
0.0176379
0.239726
0.241157
0.192497
0.403303
0.356181
0.0891383
0.00316389
0.357699
0.296324
0.744098
0.206805
0.0590288
0.271438
0.129094
0.10119
0.390474
0.292268
0.0671665
0.0962736
0.297683
0.0150966
0.301362
0.312179
0.122382
0.29941
0.260055
0.307147
0.417965
0.272093
0.0107737
0.15421
0.197954
0.26631
0.0744666
0.025571
0.122025
0.216037
0.19079
0.188224
0.013655
0.126194
0.067502
0.173247
0.165194
0.0812465
0.155481
0.158208
0.448199
0.620172
0.0823047
0.280197
0.0666645
0.038954
0.0317672
0.261482
0.101641
0.980458
0.0816368
0.0133956
0.00481153
0.216558
0.25496
0.623003
0.0644309
0.208107
0.300069
0.259196
0.620489
0.0938931
0.122692
0.622853
0.303766
0.132813
0.00241988
0.0395382
0.110957
0.0772937
0.0268596
0.653712
0.302513
0.219761
0.184016
0.14439
0.146099
0.0215653
0.0044529
0.19475
0.14969
0.245143
0.228532
0.620878
0.622223
0.0773058
0.163394
0.0029652
0.0463385
0.167301
0.152258
0.311091
0.127768
0.146487
0.075254
0.211099
0.405565
0.202341
0.239372
0.277808
0.658931
0.187988
0.452014
0.146059
0.621551
0.30734
0.173924
0.398423
0.744043
0.275124
0.108467
0.0465408
0.0581938
0.188205
0.184945
0.117467
0.465976
0.00631494
0.178542
0.191409
0.254438
0.0622647
0.184988
0.248715
0.0944029
0.293352
0.0907703
0.0925914
0.467144
0.119737
0.24325
0.0682569
0.00925063
0.163555
0.164031
0.177406
0.289834
0.244122
0.0449909
0.0606722
0.185024
0.440249
0.0579505
0.495018
0.432046
0.523376
0.212533
0.13622
0.414075
0.434229
0.185467
0.018843
0.0902764
0.0873434
0.151206
0.0496812
0.62089
0.121658
0.36424
0.174534
0.192755
0.408784
0.667489
0.0789147
0.0871154
0.163661
0.135214
0.382265
0.00891081
0.154646
0.0790096
0.0468989
0.0469935
0.294898
0.172774
0.160817
0.144435
0.253939
0.266337
0.399302
0.0769799
0.0108287
0.147202
0.0434164
0.16819
0.271703
0.00825269
0.045125
0.0904057
0.0899205
0.307626
0.62109
0.0871241
0.652767
0.267785
0.114272
0.318207
0.0864659
0.049316
0.155387
0.112313
0.0868154
0.26335
0.621864
0.199893
0.44523
0.0350023
0.0766051
0.0493644
0.197798
0.400202
0.0136905
0.178452
0.305506
0.263967
0.935837
0.059959
0.0265543
0.0836348
0.435296
0.216067
0.0777819
0.163243
0.0766549
0.176688
0.059599
0.932135
0.314048
0.238581
0.144567
0.281865
0.168349
0.621503
0.248414
0.17426
0.104455
0.62173
0.028128
0.159341
0.119351
0.301744
0.618175
0.066287
0.0968657
0.31408
0.0389355
0.372817
0.0508616
0.0297687
0.215087
0.398609
0.105197
0.645495
0.0534035
0.32795
0.654383
0.279917
0.211937
0.356572
0.294705
0.416726
0.106747
0.251132
0.21492
0.254858
0.138275
0.00298489
0.620869
0.649999
0.0709654
0.044915
0.183986
0.0194606
0.434026
0.222592
0.00540919
0.197334
0.0907342
0.363442
0.6224
0.0741962
0.0674161
0.387635
0.334326
0.0538145
0.278683
0.0156018
0.126698
0.141368
0.139633
0.0346424
0.0253085
0.622201
0.564074
0.122054
0.0964098
0.403377
0.106944
0.229624
0.0950721
0.0744555
0.034604
0.287868
0.252993
0.0151806
0.249282
0.0326244
0.0917454
0.416721
0.621845
0.317305
0.351315
0.0465353
0.119798
0.0692762
0.158855
0.000108667
0.095256
0.289269
0.114145
0.620637
0.119514
0.0495643
0.436011
0.288751
0.125922
0.450152
0.0602402
0.145786
0.465975
0.536853
0.173094
0.342647
0.043128
0.200662
0.145341
0.16446
0.654146
0.206614
0.0377809
0.156046
0.187731
0.0927612
0.347005
0.024765
0.267358
0.358911
0.146348
0.458409
0.110786
0.367287
0.0363463
0.622512
0.206054
0.0699208
0.563719
0.0771237
0.088221
0.127855
0.0508812
0.843093
0.222845
0.371935
0.104889
0.209935
0.0269421
0.244361
0.124752
0.623135
0.054682
0.372269
0.304517
0.979658
0.32137
0.228595
0.10084
0.535444
0.426387
0.192365
0.131657
0.312102
0.302801
0.0726483
0.0761574
0.0746797
0.417614
0.06049
0.159617
0.510696
0.09219
0.131374
0.30572
0.19937
0.618973
0.113766
0.140741
0.0827479
0.622856
0.0933014
0.0646741
0.202
0.35447
0.275636
0.133995
0.323705
0.0190958
0.0639866
0.187996
0.0552364
0.136407
0.216911
0.164159
0.299405
0.0323791
0.244729
0.192996
0.177089
0.143105
0.29672
0.0611564
0.384027
0.398757
0.168249
0.197692
0.221771
0.259425
0.181482
0.0506936
0.230656
0.18758
0.205484
0.0537812
0.314854
0.133811
0.621162
0.468189
0.134569
0.18266
0.0732411
0.452669
0.217389
0.00301174
0.109459
0.0581835
0.183504
0.00182104
0.140895
0.177567
0.120675
0.32542
0.243318
0.319291
0.616366
0.0407666
0.193055
0.161892
0.343624
0.159057
0.0744365
0.190923
0.375836
0.619667
0.100914
0.187535
0.149317
0.153278
0.328272
0.62293
0.41546
0.44825
0.737669
0.211274
0.408295
0.288615
0.138972
0.387037
0.149424
0.375412
0.275816
0.0449285
0.26569
0.199792
0.0910752
0.0531467
0.1383
0.0111799
0.120132
0.151795
0.261918
0.364218
0.0293912
0.0631938
0.401088
0.145371
0.186457
0.108238
0.122343
0.0580477
0.0728779
0.0709215
0.537695
0.00405194
0.0572809
0.0646613
0.0107082
0.270842
0.0127135
0.164051
0.374054
0.0202269
0.0657035
0.327317
0.0845306
0.524556
0.509395
0.335815
0.1283
0.162128
0.653531
0.470776
0.061404
0.0242738
0.245348
0.449731
0.0501162
0.106417
0.198769
0.394527
0.222808
0.0526662
0.114232
0.0322057
0.363437
0.0145895
0.140841
0.152959
0.19253
0.276423
0.326172
0.0432727
0.409585
0.736861
0.142646
0.0714188
0.0671867
0.620962
0.270508
0.0867301
0.122207
0.487777
0.40824
0.183375
0.28942
0.251694
0.439735
0.0841671
0.429254
0.236594
0.24727
0.653514
0.622803
0.0763253
0.0683976
0.651852
0.462545
0.187296
0.428217
0.11669
0.0627917
0.329537
0.150105
0.111703
0.0283899
0.575152
0.354396
0.621342
0.623052
0.229196
0.214576
0.16189
0.0990435
0.115197
0.173288
0.146653
0.222553
0.206224
0.134546
0.165457
0.22554
0.620234
0.376471
0.23285
0.201252
0.313738
0.267496
0.215731
0.109738
0.622536
0.164413
0.180949
0.309746
0.620516
0.216932
0.0770782
0.266052
0.154217
0.326126
0.45854
0.0433511
0.0489299
0.27046
0.0429489
0.268448
0.0709634
0.296503
0.256243
0.11202
0.356282
0.40958
0.412464
0.103201
0.270864
0.175597
0.00369088
0.133565
0.237353
0.239589
0.621635
0.314566
0.577381
0.00909767
0.382338
0.130872
0.319446
0.376961
0.247697
0.0298746
0.0927263
0.253664
0.123347
0.0332893
0.0817645
0.0982899
0.40966
0.126174
0.21748
0.30416
0.320041
0.235848
0.145102
0.411995
0.621282
0.0880709
0.1387
0.261252
0.389454
0.280832
0.125948
0.23809
0.285142
0.607798
0.622655
0.186547
0.192924
0.622173
0.357475
0.251578
0.0834643
0.618509
0.0640659
0.342018
0.11337
0.100272
0.101242
0.604893
0.125685
0.0730325
0.301355
0.124439
0.0919776
0.135198
0.110182
0.275034
0.0812618
0.156099
0.185606
0.104571
0.268019
0.232362
0.404555
0.31027
0.407183
0.0397735
0.392397
0.0625872
0.160547
0.312006
0.406868
0.0744143
0.223507
0.115986
0.184265
0.0669067
0.137404
0.653643
0.300248
0.160075
0.0513311
0.635833
0.0572836
0.813234
0.0324506
0.370924
0.0898008
0.270184
0.317457
0.138919
0.116489
0.186464
0.117237
0.0727121
0.0854941
0.0227806
0.248388
0.0511827
0.223533
0.0927913
0.14878
0.194437
0.65368
0.10231
0.149612
0.156816
0.0657566
0.0331357
0.00870415
0.145211
0.285687
0.986765
0.0583368
0.472227
0.172999
0.252059
0.236367
0.0381877
0.00456007
0.157403
0.113688
0.309221
0.300442
0.141209
0.2044
0.394344
0.0466067
0.619251
0.0506752
0.443841
0.133781
0.209787
0.262637
0.28279
0.625846
0.228989
0.157097
0.370767
0.150984
0.139318
0.192935
0.232413
0.108304
0.2929
0.281169
0.118824
0.275433
0.208825
0.0605406
0.217813
0.733241
0.132207
0.41355
0.000918577
0.261317
0.118324
0.339566
0.881353
0.399573
0.62576
0.169421
0.00513512
0.141699
0.0648626
0.318013
0.269528
0.0457155
0.133798
0.101694
0.621598
0.394953
0.134632
0.128334
0.238696
0.0316875
0.0791128
0.0215544
0.0335133
0.0191037
0.239588
0.127311
0.12812
0.0668877
0.153901
0.771648
0.277732
0.0478313
0.189718
0.265234
0.259384
0.274045
0.00727286
0.209121
0.488069
0.159484
0.14574
0.11901
0.264744
0.169086
0.305308
0.285305
0.311983
0.00568979
0.61739
0.114678
0.358462
0.0595143
0.18241
0.043015
0.106581
0.145746
0.182799
0.363821
0.225595
0.0481417
0.0458099
0.146141
0.169784
0.0121015
0.0905951
0.376945
0.253632
0.21284
0.311089
0.219453
0.27399
0.282487
0.0758086
0.169589
0.180952
0.225473
0.408463
0.0786075
0.161792
0.294626
0.201192
0.196813
0.314381
0.234947
0.184853
0.14373
0.0275975
0.62187
0.36418
0.0176044
0.0548986
0.622398
0.138507
0.269946
0.392294
0.013871
0.361927
0.65846
0.195252
0.623121
0.623171
0.0766099
0.358214
0.288081
0.054438
0.356335
0.0534412
0.317268
0.285072
0.214255
0.274795
0.0741044
0.671246
0.0231434
9.23596e-05
0.00445294
0.362353
0.134659
0.621737
0.0347032
0.0899289
0.6685
0.296685
0.268849
0.142381
0.476377
0.243978
0.229673
0.155593
0.392543
0.370585
0.167484
0.0109142
0.392406
0.00147108
0.139662
0.160899
0.00477899
0.266273
0.158666
0.305398
0.652529
0.215142
0.011493
0.623116
0.115897
0.228521
0.0373138
0.0347095
0.257885
0.281077
0.225577
0.217091
0.161484
0.622484
0.0382192
0.360567
0.282063
0.110759
0.622302
0.428331
0.279292
0.0527698
0.250587
0.346064
0.206222
0.618825
0.172737
0.300014
0.0370096
0.162522
0.100073
0.0521212
0.0671858
0.165673
0.177329
0.0181676
0.260481
0.018117
0.290742
0.108249
0.11618
0.138044
0.0593783
0.413983
0.40755
0.354812
0.368614
0.00620079
0.739735
0.301144
0.185306
0.034599
0.40613
0.224324
0.0328699
0.128554
0.245229
0.135028
0.799873
0.633946
0.111259
0.0860891
0.331758
0.210002
0.47341
0.152218
0.217694
0.00738294
0.601374
0.0641955
0.133388
0.068603
0.0250201
0.0888147
0.390882
0.0142163
0.0529234
0.481893
0.189871
0.058133
0.393028
0.426799
0.24542
0.0078758
0.0360741
0.210349
0.414641
0.257882
0.120658
0.286297
0.18165
0.0938453
0.0288914
0.190669
0.0702061
0.0270628
0.399783
0.559009
0.151484
0.0456319
0.164671
0.106251
0.118185
0.165008
0.211593
0.186333
0.125362
0.104183
0.116562
0.0676959
0.381523
0.141752
0.172253
0.0322056
0.0992013
0.227928
0.273424
0.362361
0.102417
0.6234
0.346252
0.0634445
0.0165346
0.0257432
0.455904
0.0844845
0.026199
0.0457009
0.103496
0.444169
0.0414811
0.00221773
0.263964
0.0265145
0.621097
0.240133
0.622388
0.453134
0.245042
0.250709
0.207346
0.1212
0.0705357
0.00445291
0.709324
0.33373
0.287197
0.0595764
0.0269132
0.05758
0.317323
0.397729
0.236084
0.173593
0.127806
0.114855
0.209306
0.170978
0.294719
0.0455327
0.174372
0.0400665
0.435931
0.0728082
0.139183
0.0703187
0.136082
0.0800186
0.159333
0.28843
0.113293
0.188338
0.412714
0.309295
0.307927
0.403062
0.416823
0.362141
0.185451
0.159515
0.376486
0.308676
0.62182
0.0507659
0.137757
0.24553
0.226652
0.352568
0.27907
0.128221
0.654702
0.0445184
0.392614
0.137218
0.227869
0.233794
0.00551833
0.290998
0.215399
0.0435482
0.269171
0.0811175
0.0773657
0.0548338
0.23661
0.0540171
0.13839
0.0855907
0.370364
0.0421912
0.703768
0.0216467
0.129134
0.47343
0.307803
0.621263
0.13441
0.421884
0.0165543
0.622461
0.0116197
0.00982411
0.0984157
0.103993
0.269025
0.194392
0.069193
0.0863798
0.0541948
0.393629
0.220994
0.391743
0.155633
0.0636409
0.16099
0.187398
0.750529
0.0948921
0.00482368
0.622239
0.107658
0.00159141
0.263737
0.323249
0.142498
0.348579
0.622074
0.0829744
0.183419
0.113374
0.0590373
0.304396
0.622597
0.0521605
0.0209375
0.0725351
0.206036
0.16593
0.207112
0.16434
0.208344
0.478511
0.0186142
0.622215
0.622235
0.622309
0.238751
0.27431
0.342359
0.376665
0.374168
0.398584
0.0641098
0.186473
0.202998
0.0243745
0.253002
0.186146
0.112788
0.144555
0.348566
0.246325
0.139212
0.0179079
0.283409
0.13809
0.111692
0.0751903
0.112705
0.464974
0.0297962
0.195595
0.00596918
0.00445293
0.164239
0.0656865
0.402715
0.262499
0.0728187
0.166375
0.365321
0.17993
0.00168561
0.472153
0.0795355
0.154276
0.212912
0.159297
0.0244574
0.145608
0.0511201
0.361553
0.324187
0.44836
0.165113
0.651418
0.086497
0.189349
0.322052
0.053992
0.23222
0.270443
0.230782
0.62055
0.225653
0.315568
0.117702
0.258296
0.082827
0.350722
0.348519
0.0197105
0.622957
0.00340629
0.099673
0.212209
0.0175324
0.430362
0.420584
0.121144
0.217186
0.705918
0.223881
0.415468
0.00173336
0.222635
0.1265
0.0633179
0.444437
0.244957
0.339992
0.248065
0.0599339
0.263875
0.402392
0.266171
0.19823
0.0907215
0.622534
0.404764
0.404754
0.28486
0.100594
0.317094
0.108193
0.0498913
0.549579
0.073195
0.0449281
0.254354
0.159655
0.0527651
0.245624
0.193549
0.293551
0.659235
0.242329
0.0576585
0.0586454
0.0100911
0.102703
0.360475
0.12277
0.309826
0.0590595
0.0748143
0.130211
0.117204
0.0573144
0.38047
0.304688
0.176243
0.0395042
0.621573
0.619821
0.622265
0.726165
0.0128496
0.616345
0.236947
0.186003
0.147942
0.239985
0.193831
0.237086
0.142249
0.116999
0.317679
0.180075
0.25657
0.118864
0.165688
0.306381
0.321338
0.318892
0.191954
0.36108
0.00329085
0.305121
0.390855
0.622917
0.0592212
0.436634
0.0577496
0.0815078
0.0052327
0.158451
0.196928
0.269725
0.27131
0.813357
0.05253
0.261396
0.377566
0.223998
0.21159
0.265885
0.08259
0.050648
0.129737
0.283404
0.189397
0.14755
0.151995
0.283872
0.196305
0.229924
0.0757768
0.915692
0.00482368
0.0409288
0.200612
0.0227001
0.0643078
0.334202
0.310764
0.151915
0.0659893
0.00455899
0.22483
0.0867481
0.262459
0.0633246
0.35633
0.210634
0.241641
0.289443
0.136012
0.334327
0.124733
0.620168
0.0911357
0.101735
0.175175
0.194034
0.0237531
0.260011
0.198948
0.0730061
0.156705
0.226224
0.622225
0.233983
0.508762
0.588646
0.236064
0.175024
0.401438
0.517153
0.233927
0.0543747
0.621678
0.0595343
0.176346
0.368362
0.158895
0.622017
0.106627
0.623265
0.0644556
0.0788618
0.244839
0.148431
0.0353881
0.30829
0.385509
0.115893
0.345873
0.0599695
0.161995
0.063518
0.622125
0.107355
0.326049
0.165437
0.658513
0.0044059
0.313554
0.00261048
0.478487
0.252219
0.0569622
0.368563
0.627297
0.468072
0.0473642
0.0641735
0.285602
0.351199
0.0426255
0.159479
0.255404
0.101112
0.0192928
0.396325
0.392747
0.303934
0.0799289
0.141734
0.317501
0.416792
0.268208
0.115463
0.366296
0.242307
0.142151
0.299134
0.0737
0.130701
0.174031
0.0243757
0.137937
0.503736
0.0307577
0.17972
0.360434
0.161462
0.245448
0.236727
0.16969
0.241595
0.355141
0.302706
0.147876
0.229022
0.0390716
0.35434
0.223284
0.098845
0.087481
0.0955926
0.0829853
0.0555881
0.0538539
0.201952
0.0579997
0.157425
0.0023221
0.00422766
0.277863
0.227271
0.621843
0.0536717
0.0475312
0.0450209
0.113274
0.0317956
0.0567652
0.103625
0.207407
0.0516614
0.277153
0.244941
0.28291
0.0768527
0.272353
0.226157
0.182202
0.0252648
0.0370547
0.2263
0.317063
0.114283
0.362934
0.105599
0.0513649
0.032861
0.299705
0.126137
0.241718
0.0799146
0.255521
0.0801811
0.243623
0.275129
0.090701
0.622687
0.0726542
0.102676
0.452174
0.250148
0.000735512
0.303153
0.464623
0.0742889
0.464189
0.187905
0.221013
0.312314
0.152228
0.151909
0.0550942
0.27236
0.0529838
0.32154
0.0297026
0.201091
0.315945
0.129511
0.400641
0.258276
0.358476
0.296216
0.651965
0.341253
0.218151
0.231596
0.160821
0.359824
0.427192
0.623285
0.361454
0.147008
0.137704
0.358187
0.658546
0.0606907
0.0846863
0.164361
0.0168078
0.00297223
0.493977
0.0670764
0.0548864
0.424312
0.31153
0.103673
0.717352
0.2398
0.832069
0.108591
0.113628
0.180491
0.160724
0.0699788
0.0655272
0.153847
0.620167
0.286947
0.123331
0.147856
0.407358
0.0159637
0.338743
0.0126525
0.141047
0.42713
0.314568
0.225317
0.01436
0.230322
0.00445292
0.101535
0.19511
0.0182821
0.344176
0.181425
0.160039
0.0318189
0.085468
0.40667
0.0575329
0.191572
0.618378
0.0839258
0.0820014
0.117723
0.250694
0.124383
0.0163631
0.163577
0.29982
0.113279
0.897597
0.205832
0.242424
0.263754
0.0987395
0.622016
0.277477
0.179635
0.258288
0.0458721
0.0593912
0.157465
0.132185
0.222293
0.286995
0.0284267
0.213452
0.054868
0.395554
0.160826
0.236225
0.316509
0.0373641
0.141567
0.0527408
0.158829
0.200395
0.137345
0.910304
0.122219
0.205902
0.652217
0.608416
0.932041
0.0211647
0.191519
0.230502
0.0267043
0.0604523
0.0508144
0.56497
0.294728
0.10469
0.337583
0.0756783
0.149498
0.144872
0.0957869
0.291768
0.289301
0.282646
0.223703
0.235086
0.626159
0.462475
0.244798
0.267443
0.37115
0.25589
0.162752
0.00324223
0.152598
0.203244
0.189327
0.00221603
0.620655
0.288149
0.228009
0.189025
0.188658
0.189648
0.621865
0.0628715
0.279654
0.445521
0.623082
0.235069
0.233853
0.0618585
0.00445294
0.0315399
0.187101
0.110851
0.000134032
0.0437046
0.320024
0.364823
0.419302
0.297888
0.178286
0.0622914
0.0973688
0.067079
0.296953
0.331755
0.329602
0.170279
0.227494
0.438258
0.120712
0.11538
0.0945445
0.259902
0.384735
0.178926
0.387406
0.0820696
0.00919889
0.130275
0.105244
0.295882
0.285327
0.297934
0.032158
0.102588
0.218289
0.382421
0.395929
0.16748
0.209128
0.654132
0.306354
0.0955876
0.107788
0.126564
0.128935
0.0105985
0.163965
0.333233
0.534193
0.0324413
0.279293
0.26015
0.238763
0.373285
0.179518
0.194101
0.65227
0.0291238
0.291264
0.311762
0.159802
0.0674711
0.00709419
0.102421
0.612142
0.0397435
0.116123
0.145326
0.424204
0.132656
0.414719
0.51482
0.137588
0.0233794
0.0674646
0.428893
0.0873495
0.134489
0.348674
0.346602
0.162712
0.622133
0.353443
0.0431112
0.43099
0.0835835
0.0264059
0.019021
0.236705
0.171841
0.389193
0.238251
0.385336
0.0919152
0.452937
0.0411985
0.128514
0.216409
0.20501
0.280886
0.0469081
0.314219
0.0726739
0.111573
0.0211432
0.105271
0.0676783
0.621069
0.308369
0.00159289
0.0214729
0.0328815
0.217488
0.0656325
0.156424
0.216179
0.0769562
0.300503
0.0783586
0.0987073
0.231057
0.222282
0.121987
0.17454
0.419643
0.249144
0.763929
0.585191
0.186176
0.405859
0.145191
0.218487
0.350314
0.052057
0.329117
0.173542
0.35251
0.112785
0.0111012
0.0766917
0.0575474
0.31294
0.113458
0.177555
0.627333
0.196968
0.0213289
0.402343
0.459834
0.0243919
0.231116
0.620045
0.157889
0.0647392
0.337718
0.0234774
0.00445292
0.480527
0.303533
0.187817
0.104944
0.160215
0.234937
0.00732289
0.0491454
0.0829478
0.202944
0.117766
0.65289
0.263656
0.0696417
0.380711
0.313852
0.177329
0.544937
0.0336608
0.0322057
0.06226
0.112999
0.622621
0.426275
0.0711015
0.260257
0.165005
0.0418072
0.29725
0.043556
0.174115
0.0646146
0.156144
0.312114
0.230046
0.0409751
0.42773
0.387199
0.0501768
0.315557
0.15769
0.217736
0.319881
0.123924
0.230754
0.24413
0.0048237
0.0523032
0.265075
0.0574409
0.237542
0.254235
0.028448
0.652203
0.0575672
0.0987664
0.621178
0.15478
0.416051
0.120136
0.384026
0.0748188
0.182861
0.077693
0.0661545
0.202391
0.157352
0.16084
0.442363
0.264598
0.0763425
0.240814
0.0354167
0.216566
0.238279
0.118384
0.169933
0.138135
0.61894
0.140403
0.0849835
0.286338
0.174884
0.266018
0.0475133
0.179754
0.14739
0.555927
0.241622
0.311466
0.114407
0.121253
0.0408363
0.0979272
0.0398155
0.143367
0.218248
0.276363
0.16935
0.0521781
0.622718
0.430079
0.170566
0.168949
0.12541
0.302443
0.249243
0.221065
0.336216
0.141032
0.264683
0.0189915
0.15323
0.0800846
0.134406
0.177186
0.49147
0.163415
0.342138
0.0105217
0.0861414
0.13085
0.129118
0.263317
0.132306
0.416492
0.193495
0.137762
0.403488
0.249119
0.103379
0.0833854
0.0384732
0.26235
0.119217
0.420932
0.267055
0.326905
0.340246
0.260438
0.218293
0.275421
0.0660993
0.375809
0.0358959
0.498022
0.101049
0.0954454
0.338171
0.00445292
0.294041
0.225373
0.0628872
0.227207
0.0980288
0.101785
0.119361
0.373942
0.0172719
0.00482364
0.148099
0.395314
0.155721
0.14449
0.0216914
0.173848
0.154906
0.133813
0.127105
0.242023
0.169956
0.448811
0.0358853
0.114663
0.622996
0.623213
0.0212688
0.0953006
0.162039
0.261342
0.0477522
0.134255
0.623441
0.0741454
0.169509
0.0234044
0.0897161
0.0599921
0.0987537
0.367301
0.0705483
0.159493
0.468985
0.103652
0.355123
0.124253
0.351038
0.098687
0.0957023
0.157053
0.0816264
0.310094
0.236468
0.647205
0.0855045
0.00724389
0.704252
0.432901
0.491996
0.284092
0.15944
0.216299
0.00482368
0.0159662
0.265739
0.315384
0.0618229
0.249824
0.620959
0.43447
0.286998
0.242411
0.0617811
0.193558
0.0273987
0.137082
0.39079
0.621552
0.11047
1.08184
0.133811
0.401384
0.396514
0.310557
0.312146
0.172177
0.214154
0.134272
0.0110916
0.0603998
0.19256
0.622361
0.229685
0.0773492
0.390928
0.470972
0.00280783
0.0296218
0.333932
0.352401
0.325054
0.789295
0.239675
0.113315
0.0881311
0.191684
0.203246
0.0499475
0.0774514
0.297129
0.0420472
0.0638308
0.0273698
0.333795
0.0881379
0.15075
0.308383
0.113748
0.377704
0.224419
0.126735
0.239798
0.183974
0.0819134
0.352202
0.0758472
0.184992
0.41844
0.0019503
0.237202
0.116942
0.256564
0.12711
0.0452921
0.183197
0.469
0.319414
0.491469
0.64981
0.65919
0.226879
0.417335
0.646662
0.122793
0.0945801
0.38695
0.0438682
0.0477861
0.159362
0.104714
0.300958
0.353604
0.0975
0.282727
0.13892
0.139233
0.299372
0.273954
0.107359
0.932466
0.235711
0.196156
0.279102
0.620511
0.107945
0.0196532
0.621722
0.277459
0.319937
0.0785076
0.0415191
0.0193195
0.21976
0.082171
0.281696
0.128497
0.308608
0.446002
0.351281
0.261403
0.160417
0.0232302
0.0737504
0.311662
0.0300714
0.261617
0.0419506
0.101396
0.319051
0.112715
0.381622
0.00962552
0.0222905
0.0918928
0.0690586
0.14103
0.348043
0.109014
0.270166
0.205195
0.163384
0.27093
0.0979441
0.319039
0.09456
0.465868
0.622697
0.31812
0.0596501
0.139973
0.623121
0.252893
0.153581
0.107182
0.347823
0.00165045
0.10353
0.0800155
0.91837
0.0691328
0.234798
0.35387
0.238378
0.0189154
0.328352
0.0239326
0.653213
0.0657031
0.342244
0.103128
0.0967068
0.143198
0.384698
0.0279126
0.113764
0.186505
0.0735114
0.388642
0.56587
0.0984584
0.184114
0.0770601
0.127861
0.183197
0.155748
0.417962
0.0207257
0.0875153
0.546063
0.0669486
0.09371
0.0728297
0.29172
0.285157
0.426799
0.0777096
0.18973
0.0617766
0.131378
0.159309
0.0403659
0.0989934
0.470315
0.0353029
0.27829
0.103845
0.2145
0.256155
0.249871
0.0862632
0.157453
0.467396
0.0617039
0.21872
0.370812
0.081601
0.0850012
0.0913857
0.101033
0.0501151
0.253255
0.175911
0.218841
0.847143
0.0465724
0.232816
0.0394553
0.0271736
0.158391
0.022588
0.200645
0.0677699
0.622288
0.104082
0.0419839
0.286214
0.162292
0.170208
0.461687
0.653246
0.132293
0.322869
0.253158
0.233969
0.00311481
0.115633
0.0596331
0.0719021
0.00271294
0.0226349
0.341789
0.059421
0.162695
0.381962
0.310249
0.0371044
0.0261804
0.0820289
0.186655
0.374249
0.117434
0.209701
0.146913
0.363755
0.365988
0.259814
0.143664
0.273261
0.324615
0.351215
0.0801602
0.621364
0.367621
0.183971
0.41735
0.380846
0.00482366
0.142898
0.250354
0.145911
0.00383023
0.209798
0.259163
0.148659
0.0544448
0.0235764
0.178418
0.231484
0.118744
0.24982
0.62197
0.647164
0.0338782
0.128921
0.104858
0.381002
0.119274
0.26991
0.0288353
0.0816548
0.367786
0.210076
0.0925128
0.371318
0.39207
0.261151
0.292876
0.0739858
0.111201
0.12746
0.332731
0.31471
0.0702804
0.0413656
0.0632284
0.353591
0.184234
0.187182
0.0380545
0.302374
0.255287
0.134719
0.0268802
0.123496
0.118722
0.00237355
0.446502
0.18444
0.575711
0.256066
0.0447123
0.653389
0.149794
0.264075
0.191831
0.375758
0.0428008
0.61597
0.154341
0.150979
0.289074
0.065928
0.101527
0.327701
0.14052
0.288999
0.208505
0.216762
0.360973
0.0142569
0.0596453
0.133928
0.106925
0.0242267
0.219526
0.386829
0.0509749
0.0963004
0.0775028
0.0530201
0.234904
0.148477
0.333226
0.142449
0.222206
0.394818
0.136739
0.110114
0.327556
0.30931
0.192623
0.201514
0.373481
0.0933832
0.554729
0.320043
0.0527878
0.00447701
0.110949
0.405855
0.742031
0.0823089
0.326699
0.260045
0.384174
0.132347
0.33973
0.326601
0.166789
0.163992
0.0706662
0.469677
0.282076
0.203126
0.327859
0.0741182
0.0602543
0.620754
0.153319
0.0983619
0.0901259
0.695459
0.162083
0.301841
0.0877834
0.190061
0.0859412
0.613237
0.194471
0.400831
0.0143132
0.6229
0.15431
0.96256
0.290813
0.351777
0.0754523
0.328121
0.316642
0.0120334
0.177611
0.120993
0.0560111
0.169336
0.380406
0.347368
0.623093
0.693311
0.0718382
0.651494
0.0346424
0.0375204
0.394784
0.313803
0.0517602
0.168082
0.00368183
0.51109
0.235843
0.0960382
0.0438244
0.453198
0.123412
0.0863412
0.62271
0.260076
0.452019
0.216646
0.00072946
0.354021
0.357926
0.0619702
0.0620046
0.0263217
0.289517
0.0546486
0.40528
0.330425
0.71233
0.14841
0.172033
0.62272
0.226331
0.100829
0.185484
0.186334
0.076399
0.618038
0.207682
0.219415
0.54707
0.32548
0.366986
0.039436
0.897567
0.00736088
0.283899
0.177754
0.00566887
0.0263313
0.027301
0.0418209
0.469292
0.181003
0.15156
0.342139
0.0114056
0.379081
0.34724
0.177569
0.30458
0.257491
0.0155187
0.610269
0.0739519
0.464793
0.622497
0.189991
0.283432
0.0431336
0.670677
0.132835
0.213992
0.260061
0.0469317
0.199041
0.387542
0.260082
0.065157
0.0806234
0.123325
0.162957
0.195461
0.151653
0.205983
0.652996
0.170286
0.311421
0.363323
0.0204301
0.0566008
0.0312581
0.025063
0.0150011
0.311658
0.622061
0.0705014
0.26582
0.336059
0.200024
0.129664
0.0027494
0.220317
0.0873806
0.168815
0.342347
0.041002
0.322786
0.0488052
0.127613
0.320465
0.283847
0.215406
0.186088
0.0366844
0.202411
0.382586
0.159881
0.219181
0.260776
0.0932585
0.207607
0.0478243
0.0972773
0.180101
0.153923
0.318164
0.173257
0.239132
0.00291793
0.267639
0.621328
0.0740213
0.200131
0.472112
0.177509
0.138874
0.100325
0.339654
0.636701
0.114805
0.0329329
0.242541
0.437678
0.13461
0.132461
0.00245548
0.189192
0.25054
0.159199
0.367458
0.0973504
0.378397
0.339272
0.222728
0.334136
0.0131599
0.417043
0.453088
0.0648745
0.362769
0.192188
0.120085
0.114884
0.226302
0.345333
0.210381
0.00847027
0.164041
0.202224
0.620317
0.0946498
0.155199
0.0911461
0.0318188
0.232617
0.136383
0.262913
0.0814924
0.284091
0.257599
0.335312
0.0430392
0.0200698
0.358934
0.148261
0.127926
0.37866
0.0654177
0.0490218
0.355195
0.108203
0.34154
0.048997
0.259498
0.0331124
0.197403
0.799272
0.251895
0.489133
0.0586348
0.114622
0.0882105
0.234412
0.254738
0.0461483
0.113372
0.177511
0.303151
0.081098
0.303995
0.0556405
0.0778879
0.239407
0.126357
0.269169
0.440374
0.16275
0.621392
0.142962
0.622422
0.0686742
0.220549
0.240693
0.621866
0.226696
0.371089
0.110234
0.22954
0.107593
0.0793954
0.122479
0.0949905
0.118726
0.236258
0.0575515
0.0386662
0.252508
0.364269
0.109283
0.220803
0.622817
0.0451352
0.147118
0.263654
0.769149
0.21059
0.144558
0.279581
0.0810774
0.246722
0.0485129
0.230344
0.460039
0.728293
0.147006
0.0693254
0.142222
0.0254956
0.0903054
0.177307
0.22684
0.112296
0.0508658
0.0537807
0.0754457
0.0871444
0.205109
0.260358
0.0248409
0.123546
0.117066
0.220537
0.0914423
0.0578382
0.0777264
0.44792
0.653939
0.155201
0.258609
0.0330092
0.157095
0.0182487
0.156377
0.157935
0.375589
0.189524
0.654735
0.345326
0.0740671
0.127382
1.05041
0.180732
0.819455
0.197713
0.161324
0.0259079
0.0833303
0.653065
0.100221
0.038929
0.256831
0.252422
0.496606
0.258403
0.0343569
0.157019
0.0734226
0.0183701
0.0807324
0.0887081
0.409575
0.287941
0.124403
0.116547
0.255344
0.298468
0.0341185
0.406617
0.147062
0.166798
0.317039
0.376681
0.212567
0.138391
0.199913
0.100258
0.628971
0.0124506
0.302611
0.354199
0.0962894
0.1899
0.0679029
0.637515
0.144325
0.140904
0.78127
0.925782
0.621557
0.267568
0.175585
0.380511
0.428194
0.209059
0.919037
0.652675
0.0383328
0.0142186
0.213484
0.0823545
0.486448
0.337358
0.0478754
0.621672
0.312905
0.0166126
0.138137
0.6216
0.0825745
0.247231
0.347047
0.274752
0.613651
0.0634412
0.00482363
0.259334
0.051711
0.183087
0.186491
0.106546
0.620755
0.118054
0.135351
0.00635285
0.332016
0.137682
0.200412
0.0765749
0.103194
0.131489
0.33892
0.137837
0.23398
0.159957
0.234045
0.0961867
0.620804
0.654178
0.115281
0.437619
0.192911
0.0686571
0.304782
0.208142
0.301187
0.274394
0.0719007
0.194973
0.17519
0.0962152
0.30884
0.0676113
0.10734
0.203678
0.289517
0.0790017
0.334512
0.0837959
0.100359
0.294375
0.0257265
0.620167
0.651941
0.0322056
0.0694495
0.012416
0.0880383
0.110875
0.212316
0.151019
0.21575
0.0613959
0.0027634
0.114012
0.152086
0.0116599
0.101188
0.450879
0.363183
0.0547244
0.0147826
0.176333
0.436822
0.204651
0.262894
0.170361
0.163056
0.455429
0.545606
0.102367
0.659761
0.163925
0.100334
0.313075
0.352009
0.335011
0.192014
0.0320081
0.352375
0.10397
0.357941
0.0368728
0.252291
0.151969
0.643749
0.0225563
0.000789188
0.19147
0.32493
0.440584
0.252372
0.462864
0.104053
0.85676
0.171608
0.39384
0.332541
0.342945
0.259643
0.305878
0.00411158
0.133811
0.0888031
0.0188129
0.111157
0.0132599
0.00797315
0.0415329
0.135969
0.454151
0.0479872
0.134021
0.269054
0.152856
0.464744
0.0185507
0.211168
0.0315287
0.121028
0.261226
0.295118
0.207791
0.0294275
0.0740178
0.372627
0.209341
0.161726
0.148354
0.652567
0.622586
0.373268
0.622124
0.198305
0.351842
0.0140238
0.621886
0.332059
0.0207685
0.24041
