energy
0.711978
0.881111
0.54807
0.818946
0.736804
0.605846
0.855314
0.698537
0.704556
0.749668
0.829107
0.536528
0.777721
0.631605
0.919065
0.667033
0.55362
0.512936
0.523485
0.651113
0.671677
0.524937
0.645738
0.509199
0.544183
0.648453
0.807033
0.504018
0.635776
0.584213
0.705694
0.675787
0.569372
0.591484
0.796524
0.64566
0.657041
0.657103
0.516571
0.944846
0.665529
0.680351
0.646198
0.650835
0.642981
0.577558
1.04158
0.725567
0.705181
0.621296
0.608711
0.878017
1.16748
0.631652
0.634456
0.700716
0.542965
0.857831
0.903436
0.664653
0.879631
0.852708
0.813652
0.647123
0.546238
0.856493
0.519826
0.783226
0.753081
0.625743
0.721595
0.552169
0.871845
0.979332
0.926299
0.532976
0.659671
0.52702
0.653197
0.52417
0.555773
0.733651
0.602472
0.511938
0.63607
0.780395
0.508879
0.506843
0.900803
0.67075
0.664111
0.548226
0.584066
0.65319
0.891802
0.564462
0.872967
0.50949
0.572135
0.80979
0.634881
0.837276
0.945773
0.920539
0.947261
0.551339
0.743777
0.664596
0.956987
0.552444
0.677761
0.524054
0.853446
0.539092
0.67037
0.718621
0.639691
0.89869
0.818403
0.674778
0.617029
0.711799
0.62751
0.625109
0.629632
0.54876
0.863427
0.605948
0.543548
0.642335
0.990032
0.503342
0.749715
0.541803
0.709829
0.68791
0.554361
0.504686
0.849765
1.01703
0.777708
0.774195
0.712112
0.562715
0.630827
0.774003
0.522608
0.695568
0.670909
0.628523
0.690532
0.553762
0.835369
0.917133
0.946225
0.508634
0.586083
0.97484
0.86895
0.501535
0.578754
0.874149
0.667885
0.657971
0.683551
0.604487
0.878912
0.547578
0.621002
0.601047
0.592351
0.700594
0.771731
0.559521
0.501265
0.584501
0.531754
0.543148
0.575521
0.502569
0.588975
0.545595
0.516664
0.584164
0.85908
0.592821
0.747701
0.819441
0.502184
0.563992
0.940124
0.854336
0.502501
1.03976
0.623309
0.665099
0.500963
0.684453
0.518607
0.822467
0.614619
0.559741
1.02834
0.875852
0.568715
0.574219
0.56345
0.685434
0.604246
0.715202
0.629244
0.673074
1.01165
0.501165
0.534723
0.506788
0.69345
0.762937
0.685024
0.851888
0.592601
0.744861
0.741251
0.759522
0.6086
0.506592
1.01175
0.514021
0.501976
0.694317
0.620934
0.79046
0.55419
0.718924
0.506958
0.812438
0.716859
0.902067
0.542486
0.581535
0.567064
0.521659
0.90324
0.526655
1.04743
0.822216
0.633829
0.87123
0.713329
0.850222
0.697047
0.63363
0.72544
0.522117
0.612857
0.710584
0.576954
0.771447
0.727853
0.668843
0.681709
0.501913
0.734987
0.536379
0.516765
0.525846
0.609691
0.710658
0.593305
0.50033
0.775074
0.679562
0.837718
0.786514
1.12537
0.590452
0.502426
0.648338
0.718535
0.897103
0.688404
0.646268
0.598035
0.577757
0.610895
0.528462
0.560214
0.549884
0.938622
0.681273
0.553137
0.861469
0.63878
0.521953
0.551734
0.628812
0.63055
0.835832
0.504179
0.584755
0.503092
0.689054
0.550483
0.575005
0.653823
0.793375
0.679551
0.738993
0.569697
0.882246
0.96745
0.661678
0.794016
0.572626
0.529958
1.07708
0.500506
0.50277
0.641797
0.600835
0.661225
0.572376
0.556017
0.816114
0.684177
0.852935
0.507541
0.626118
0.737904
0.720875
0.818532
0.668528
0.68426
0.513199
0.774942
0.787127
0.752159
0.674699
0.654959
0.507369
0.658644
0.769316
0.74074
0.535269
0.589303
0.650627
0.542773
0.504428
0.887214
0.600756
0.507183
0.705082
0.757714
0.501748
0.914209
0.987335
0.788437
0.509774
0.501502
0.688612
0.552429
0.656013
0.511446
0.527245
0.555127
0.549556
0.50389
0.56788
0.743285
0.517539
0.639759
0.931738
0.802631
0.755354
0.524733
0.58794
0.593742
0.943982
0.503635
0.617417
0.755169
0.669902
0.710799
0.95535
0.625389
0.645749
0.650142
0.698452
0.659386
0.560717
0.615476
0.642272
0.593624
0.664944
0.802634
0.775134
0.519825
0.591939
0.513743
0.607298
0.528691
0.613999
0.622309
0.507412
0.502058
0.91676
0.576906
0.640485
0.514625
0.849364
0.765244
0.620521
0.712132
0.596287
0.601174
0.603847
0.878788
0.616466
0.728779
0.859631
0.746587
0.725301
0.52109
0.634269
0.534042
0.868019
0.594495
0.722908
0.75543
0.861928
0.503589
0.832643
0.552782
0.786569
0.563826
0.950401
0.784887
0.789691
0.585304
0.759141
0.855401
1.00714
0.593164
0.578968
0.844091
0.933645
0.772063
0.510341
0.667352
0.622583
0.596085
0.680885
0.857979
0.698867
0.581531
0.795367
0.590076
0.576206
0.680119
0.874486
0.500247
0.525639
0.554019
0.672081
0.555736
0.820458
0.836964
1.0277
0.515816
0.822606
0.621178
0.595174
