energy
0.455931
0.41093
0.289216
0.0829346
0.43902
0.0323808
0.0726435
0.0466732
0.439444
0.446562
0.0687744
0.454158
0.346029
0.118535
0.16853
0.326627
0.383933
0.461375
0.256352
0.150812
0.243542
0.0381769
0.0848309
0.507448
0.378869
0.40644
0.0602361
0.50755
0.122184
0.316657
0.457896
0.317932
0.417657
0.333292
0.188101
0.450843
0.16488
0.132374
0.421322
0.238866
0.451139
0.220273
0.457464
0.139341
0.2847
0.478247
0.0862228
0.186951
0.458475
0.0974607
0.475185
0.280571
0.276779
0.246209
0.159237
0.456646
0.392401
0.3792
0.364859
0.438595
0.0621596
0.0792217
0.356957
0.0454378
0.218318
0.412046
0.368793
0.230991
0.303982
0.0129306
0.254099
0.21925
0.0178824
0.425023
0.181696
0.332709
0.0336937
0.474926
0.312593
0.117289
0.0767796
0.024756
0.0747554
0.0731679
0.0343031
0.380162
0.306732
0.160869
0.391037
0.186765
0.282922
0.14863
0.321617
0.199462
0.219079
0.254635
0.386226
0.0762271
0.443716
0.476579
0.0409789
0.297512
0.473976
0.368403
0.114896
0.261756
0.0101878
0.279584
0.115913
0.375349
0.0362512
0.13599
0.147388
0.157667
0.368577
0.530095
0.213888
0.288837
0.0161958
0.238957
0.100337
0.484593
0.0774681
0.424738
0.134532
0.126108
0.434697
0.312356
0.0209373
0.279298
0.369302
0.328633
0.195007
0.287338
0.307232
0.470091
0.322196
0.21504
0.0342979
0.133427
0.442702
0.118594
0.215279
0.181789
0.287857
0.249618
0.220842
0.373395
0.509513
0.0355511
0.250127
0.209854
0.290848
0.410918
0.275595
0.463657
0.289303
0.416703
0.19815
0.364116
0.0184967
0.0442978
0.410304
0.0155033
0.251441
0.475213
0.308453
0.152984
0.43269
0.436709
0.151765
0.305751
0.0870699
0.201116
0.262762
0.0543094
0.349284
0.405401
0.174607
0.277593
0.325268
0.0137337
0.507754
0.1983
0.0417347
0.165852
0.457142
0.285774
0.0634198
0.087068
0.297898
0.464357
0.449212
0.0525188
0.337921
0.0699407
0.312159
0.0279136
0.299718
0.389873
0.236409
0.340201
0.292518
0.307761
0.22266
0.0871929
0.0328155
0.404214
0.131918
0.0362576
0.0517325
0.0423517
0.379751
0.0281348
0.0946129
0.251019
0.0530101
0.475002
0.0337429
0.241654
0.0399929
0.192988
0.432554
0.365938
0.324988
0.46559
0.227593
0.336819
0.183264
0.430129
0.469321
0.463052
0.191341
0.221805
0.324726
0.303916
0.423586
0.287381
0.103948
0.403763
0.0623425
0.345239
0.411885
0.420906
0.294592
0.445116
0.0393237
0.38602
0.0564883
0.118801
0.0731432
0.299173
0.0450811
0.108259
0.0568287
0.396499
0.341132
0.114629
0.451254
0.416118
0.22666
0.455058
0.464851
0.442958
0.277735
0.313319
0.434056
0.449323
0.0138389
0.131856
0.391958
0.297021
0.0138023
0.186822
0.439347
0.435282
0.156618
0.316183
0.110646
0.464459
0.38999
0.411305
0.187122
0.0750138
0.31981
0.191311
0.0239329
0.131752
0.339046
0.0986688
0.241388
0.41338
0.44377
0.228724
0.33094
0.410312
0.413867
0.352166
0.38841
0.0342074
0.113516
0.550128
0.0445898
0.407906
0.456097
0.153218
0.109657
0.252414
0.300501
0.400369
0.035928
0.0369412
0.0566483
0.347608
0.458776
0.253437
0.450247
0.305223
0.463811
0.53326
0.356088
0.320035
0.471819
0.412381
0.120154
0.0531166
0.590805
0.155401
0.279228
0.0172484
0.291524
0.273931
0.0818649
0.351815
0.199961
0.442884
0.52264
0.316057
0.0585995
0.282228
0.0648962
0.0447231
0.0645544
0.190142
0.159667
0.200401
0.243032
0.500827
0.0369098
0.200064
0.0625607
0.0637802
0.144983
0.463184
0.0153614
0.469228
0.226302
0.334868
0.248382
0.493176
0.44419
0.409762
0.408575
0.147663
0.450929
0.257402
0.485784
0.0973062
0.459648
0.221562
0.398727
0.33301
0.296118
0.0116506
0.473047
0.271389
0.412063
0.157344
0.140277
0.483155
0.299971
0.0183865
0.22105
0.245803
0.469706
0.120554
0.0416997
0.360598
0.381774
0.334592
0.44243
0.444384
0.441798
0.0929475
0.449145
0.215827
0.270305
0.0524157
0.456234
0.42931
0.468982
0.368861
0.2
0.334683
0.10363
0.312902
0.416461
0.303009
0.466911
0.1438
0.132801
0.43411
0.407128
0.426969
0.128172
0.199358
0.255612
0.373041
0.0343448
0.0796819
0.0930316
0.172388
0.417305
0.412959
0.41197
0.44183
0.0404007
0.397047
0.43297
0.188629
0.301504
0.0950475
0.225484
0.0791522
0.352453
0.340824
0.426386
0.190801
0.433565
0.0961531
0.549257
0.419824
0.349252
0.338891
0.439015
0.382332
0.325807
0.053917
0.0646623
0.490776
0.190122
0.237711
0.320132
0.173851
0.258455
0.250891
0.156936
0.335364
0.47198
0.449982
0.107713
0.129146
0.0974084
0.43467
0.369143
0.542199
0.453347
0.20421
0.406896
0.0313861
0.179822
0.197554
0.0380993
0.201625
0.453838
0.452321
0.299067
0.388096
0.16363
0.440588
0.479307
0.479154
0.0941296
0.261982
0.469494
0.436396
0.0689959
0.377716
0.299017
0.473493
0.318131
0.451654
0.261726
0.0694935
0.234967
0.547661
0.458983
0.0905317
0.404251
0.0790631
0.425817
0.250946
0.147635
0.468148
0.0721668
0.291808
0.435266
0.0623773
0.517475
0.292451
0.210893
0.499534
0.069582
0.235709
0.108953
0.0916245
0.0937128
0.408625
0.173778
0.394428
0.22464
0.103347
0.247754
0.101639
0.0404426
0.461273
0.270255
0.0451626
0.428266
0.457867
0.462488
0.47011
0.247766
0.0309212
0.293568
0.466897
0.409594
0.118748
0.0513038
0.443579
0.399937
0.304022
0.226299
0.251186
0.468459
0.217151
0.35908
0.425237
0.237707
0.324168
0.169427
0.0357101
0.237407
0.0979069
0.157797
0.185501
0.0801509
0.42862
0.453266
0.416899
0.362812
0.376047
0.437379
0.078308
0.363252
0.0524858
0.379947
0.450528
0.227377
0.457913
0.442766
0.138169
0.18307
0.425406
0.239201
0.0345938
0.441733
0.423854
0.112928
0.083915
0.423297
0.142349
0.0771772
0.206824
0.283991
0.125114
0.21463
0.430116
0.312579
0.378845
0.0778847
0.446299
0.131653
0.0686924
0.329312
0.177696
0.223168
0.47709
0.048444
0.0275729
0.576343
0.306908
0.268203
0.0845734
0.0824568
0.45152
0.448378
0.131475
0.383367
0.185469
0.095425
0.05742
0.299748
0.155626
0.419828
0.0493933
0.388051
0.342455
0.339488
0.368336
0.248493
0.417709
0.416603
0.21143
0.339213
0.179869
0.418393
0.498825
0.424331
0.233191
0.0406157
0.558821
0.389247
0.23024
0.0472638
0.305455
0.134025
0.444793
0.331606
0.407845
0.2169
0.442092
0.0546073
0.21931
0.416634
0.138664
0.289518
0.287189
0.339663
0.373364
0.100085
0.439449
0.447999
0.408755
0.318687
0.0410386
0.140357
0.0823067
0.391512
0.358167
0.33009
0.326043
0.473034
0.364296
0.309572
0.0836669
0.110984
0.158209
0.338196
0.332005
0.0401565
0.441887
0.0851683
0.439531
0.45668
0.49807
0.205971
0.215933
0.399134
0.180245
0.0293802
0.142654
0.410878
0.0680027
0.477374
0.0979897
0.400037
0.415275
0.436763
0.168291
0.410889
0.325397
0.0537943
0.150982
0.374059
0.156972
0.411905
0.15858
0.25645
0.238388
0.437591
0.430709
0.066123
0.0680127
0.136316
0.257356
0.0354663
0.0260004
0.241015
0.434654
0.250902
0.209317
0.37449
0.215215
0.214644
0.247277
0.207674
0.0572721
0.375722
0.549702
0.229419
0.384036
0.520383
0.199865
0.42532
0.342111
0.105613
0.142601
0.48217
0.284596
0.491612
0.149157
0.029011
0.436779
0.0887689
0.532407
0.259585
0.238091
0.444592
0.159177
0.19844
0.149293
0.505269
0.30184
0.401012
0.0217885
0.124538
0.0964864
0.477591
0.428948
0.425625
0.43543
0.197488
0.270344
0.263158
0.324856
0.333783
0.410404
0.305522
0.241091
0.105438
0.12874
0.109316
0.223136
0.489881
0.22769
0.467877
0.178427
0.354765
0.315621
0.040642
0.385339
0.0359301
0.0603693
0.149243
0.26682
0.316059
0.20998
0.367488
0.455211
0.199488
0.0394459
0.271038
0.471094
0.194998
0.195121
0.0910479
0.355516
0.247127
0.314165
0.0815619
0.313222
0.277541
0.457022
0.340365
0.549608
0.397857
0.420015
0.488493
0.410212
0.206552
0.282652
0.352322
0.14705
0.140439
0.209934
0.0830048
0.332166
0.0655498
0.164219
0.233285
0.336447
0.183607
0.0785378
0.284996
0.265986
0.387594
0.443448
0.394221
0.0672734
0.103472
0.106304
0.461764
0.0687496
0.0715588
0.412582
0.381702
0.171913
0.448412
0.447781
0.133414
0.468235
0.263297
0.454794
0.214251
0.332734
0.351944
0.460577
0.0696364
0.188694
0.201909
0.348927
0.0642696
0.04509
0.221055
0.511392
0.0886026
0.495027
0.0135504
0.422592
0.060841
0.339847
0.318086
0.386253
0.483434
0.440623
0.194224
0.192774
0.303246
0.31301
0.328697
0.456067
0.363626
0.32747
0.415206
0.179619
0.177908
0.457596
0.326332
0.497787
0.436074
0.315035
0.471593
0.18705
0.274611
0.300386
0.344589
0.187755
0.173061
0.11919
0.117933
0.430608
0.109107
0.0765841
0.44926
0.317217
0.170946
0.389989
0.457454
0.0308139
0.133833
0.222841
0.237581
0.258964
0.117998
0.0762105
0.118036
0.337379
0.271037
0.348294
0.422998
0.465926
0.13201
0.0216291
0.382736
0.163544
0.407725
0.449226
0.455082
0.272352
0.0940825
0.393917
0.45602
0.380457
0.453422
0.139888
0.246923
0.303115
0.407351
0.189446
0.0484844
0.289438
0.0537579
0.350691
0.0511777
0.52653
0.19147
0.37242
0.246978
0.0688299
0.355346
0.118205
0.190074
0.270188
0.188788
0.343444
0.414958
0.51293
0.407112
0.399067
0.54379
0.208275
0.0673841
0.0935574
0.334124
0.108561
0.0194387
0.457376
0.332023
0.0945131
0.28228
0.142272
0.153353
0.0361973
0.0205951
0.396107
0.37834
0.454118
0.372743
0.0536621
0.0588047
0.197592
0.0352677
0.121886
0.439949
0.457331
0.459561
0.472263
0.427305
0.160542
0.135042
0.24878
0.303179
0.238059
0.0283828
0.150618
0.139063
0.2728
0.411938
0.265349
0.0175853
0.0459821
0.44751
0.165751
0.333889
0.0616993
0.450543
0.277298
0.145286
0.468746
0.231712
0.340209
0.0282417
0.102011
0.432317
0.0104219
0.290683
0.0824072
0.405637
0.0588171
0.0224019
0.421093
0.25751
0.0802683
0.470204
0.197369
0.308523
0.1989
0.261457
0.226409
0.0261376
0.505463
0.110208
0.458386
0.308459
0.126659
0.191184
0.206588
0.137528
0.0674133
0.326365
0.427964
0.303081
0.103361
0.221696
0.14566
0.0609199
0.0613896
0.460971
0.137926
0.481961
0.50606
0.442834
0.388391
0.231916
0.195983
0.466666
0.238005
0.206949
0.44179
0.458649
0.365803
0.175605
0.0633096
0.102073
0.456581
0.160915
0.0839447
0.282679
0.435735
0.0416758
0.0294756
0.20209
0.090979
0.320695
0.469943
0.408003
0.399323
0.250341
0.421286
0.500671
0.264233
0.216024
0.469064
0.0978104
0.435696
0.0894745
0.248731
0.450825
0.286005
0.338916
0.386426
0.456968
0.20146
0.39884
0.439785
0.0321221
0.230236
0.137823
0.417739
0.394345
0.18324
0.339178
0.366631
0.283795
0.135211
0.328359
0.0233983
0.138013
0.306257
0.0740451
0.0786009
0.137407
0.443941
0.124453
0.475865
0.19942
0.476603
0.359449
0.399589
0.41514
0.277814
0.374777
0.398155
0.397779
0.303332
0.464505
0.162229
0.175715
0.116158
0.303336
0.174313
0.366284
0.0705937
0.292397
0.107462
0.0430396
0.347103
0.0319825
0.437689
0.366317
0.338268
0.0620912
0.466732
0.332094
0.270499
0.371166
0.208002
0.0649247
0.10549
0.0606635
0.484892
0.192286
0.191457
0.339708
0.350969
0.412785
0.0674344
0.214907
0.439324
0.0417749
0.415472
0.465753
0.114888
0.125489
0.301265
0.450223
0.434921
0.218587
0.0403649
0.0994891
0.057601
0.143871
0.326649
0.373328
0.0741722
0.117222
0.400251
0.194123
0.15502
0.287828
0.0905115
0.451829
0.388568
0.456786
0.0310978
0.366372
0.125389
0.457877
0.0276348
0.362257
0.455446
0.456378
0.453345
0.0982471
0.50708
0.188049
0.0902875
0.39998
0.130837
0.380612
0.0419123
0.445343
0.347795
0.0429173
0.0659243
0.254583
0.239416
0.465662
0.462719
0.0908123
0.361301
0.0190948
0.306584
0.144127
0.0293827
0.391482
0.0580297
0.173346
0.41323
0.412708
0.403408
0.356396
0.343099
0.103459
0.2286
0.0281813
0.457242
0.221851
0.0233824
0.150055
0.032293
0.465085
0.0958526
0.185514
0.379317
0.283089
0.474281
0.028435
0.205078
0.196772
0.284135
0.215539
0.106516
0.53093
0.262369
0.180732
0.322707
0.318311
0.0925743
0.509006
0.125913
0.157257
0.107517
0.325274
0.40477
0.291183
0.259972
0.447301
0.097987
0.413243
0.403328
0.404019
0.355843
0.186803
0.212631
0.472644
0.420137
0.134275
0.0840812
0.442509
0.529454
0.195111
0.299109
0.209534
0.404472
0.0797981
0.0691665
0.212811
0.148425
0.0807839
0.0596717
0.253058
0.0536151
0.294955
0.252101
0.0767302
0.132531
0.26292
0.268393
0.495602
0.323453
0.0690709
0.474886
0.442151
0.519604
0.124111
0.291128
0.215583
0.308528
0.132246
0.02225
0.346074
0.332645
0.22934
0.278879
0.370697
0.27074
0.216439
0.0209812
0.142262
0.28319
0.177607
0.379202
0.295427
0.176988
0.425113
0.0958912
0.322126
0.224151
0.250877
0.458006
0.43658
0.476268
0.167819
0.296563
0.365908
0.143586
0.240056
0.326953
0.185942
0.175308
0.339623
0.0187138
0.321094
0.257453
0.272844
0.372388
0.441736
0.301646
0.492891
0.0180218
0.0456376
0.543989
0.356144
0.0346716
0.437944
0.426953
0.288933
0.464664
0.163206
0.332768
0.210627
0.338183
0.0787135
0.0794876
0.146201
0.290587
0.20905
0.0765802
0.412377
0.182764
0.471377
0.528241
0.113071
0.0758774
0.330702
0.161092
0.430826
0.10108
0.0833724
0.453956
0.0140136
0.250528
0.17122
0.246397
0.384254
0.447093
0.431221
0.262202
0.240819
0.391782
0.0342886
0.266107
0.342205
0.224368
0.432879
0.148163
0.0408486
0.46593
0.217018
0.422168
0.461067
0.372868
0.278389
0.0891416
0.413094
0.393601
0.393185
0.123667
0.381837
0.471084
0.465883
0.469132
0.394322
0.146168
0.364642
0.106891
0.218803
0.513114
0.209327
0.448194
0.0554959
0.370529
0.431808
0.353757
0.413809
0.468305
0.424292
0.275986
0.475309
0.2015
0.346452
0.0479111
0.464976
0.398458
0.390368
0.0715147
0.46176
0.360686
0.0663225
0.384546
0.452503
0.371917
0.0745417
0.365648
0.197196
0.181404
0.162573
0.0440705
0.20012
0.318199
0.115899
0.474642
0.0482996
0.463152
0.438378
0.448787
0.0777283
0.452913
0.437397
0.228113
0.0142328
0.418876
0.515108
0.0938911
0.0327012
0.484854
0.0301337
0.315604
0.314136
0.456208
0.148619
0.460314
0.390475
0.270266
0.426637
0.393396
0.214734
0.161416
0.0706624
0.103856
0.064151
0.256606
0.28865
0.392261
0.459242
0.129994
0.472699
0.429885
0.464055
0.471319
0.0350151
0.424398
0.448525
0.500824
0.271341
0.129546
0.0820073
0.203874
0.454118
0.153982
0.0596493
0.292726
0.160654
0.102159
0.294057
0.116487
0.319209
0.48924
0.37576
0.298931
0.299524
0.332788
0.269572
0.18805
0.018419
0.361948
0.122225
0.303923
0.291601
0.386342
0.463651
0.453975
0.0649351
0.20836
0.436933
0.12328
0.423561
0.103012
0.208792
0.0890772
0.275036
0.15633
0.464286
0.11419
0.278268
0.38353
0.158212
0.368648
0.0425114
0.429507
0.413299
0.533824
0.152724
0.348459
0.141894
0.0399642
0.0145231
0.0558318
0.371862
0.333129
0.272536
0.417289
0.410938
0.0261489
0.167894
0.303133
0.39911
0.496453
0.0116053
0.158753
0.280639
0.0793117
0.445337
0.476899
0.416807
0.246597
0.440736
0.502123
0.138113
0.378881
0.43936
0.541898
0.191342
0.0385299
0.450876
0.292136
0.326102
0.456691
0.384686
0.109199
0.371812
0.286648
0.161863
0.148768
0.0800712
0.205978
0.263348
0.547926
0.286962
0.347465
0.140593
0.284726
0.274874
0.0914932
0.504207
0.357528
0.418508
0.0860846
0.265547
0.169372
0.0614091
0.0623437
0.408111
0.463162
0.300304
0.350832
0.415699
0.416091
0.118419
0.435276
0.34552
0.0178484
0.47165
0.475728
0.470164
0.417919
0.251082
0.018856
0.0656399
0.301637
0.35918
0.477517
0.258141
0.392676
0.150799
0.326764
0.437287
0.067795
0.108855
0.183379
0.269853
0.1533
0.454826
0.0730936
0.302484
0.405736
0.0980198
0.0334822
0.057586
0.179806
0.473506
0.152366
0.329884
0.152265
0.452475
0.363348
0.0453282
0.408531
0.0722149
0.202092
0.015907
0.572159
0.0684859
0.0580098
0.0414235
0.0145466
0.275081
0.228101
0.139828
0.0875195
0.0820659
0.273491
0.213376
0.243192
0.462849
0.454061
0.332059
0.363898
0.0159115
0.384201
0.234847
0.334374
0.101629
0.521685
0.462651
0.36362
0.452125
0.333218
0.484009
0.440803
0.417125
0.388564
0.108617
0.317523
0.36504
0.0975888
0.176167
0.216074
0.215821
0.451371
0.323813
0.38478
0.103486
0.442046
0.318535
0.441887
0.292879
0.27349
0.0558137
0.40755
0.458392
0.374322
0.28912
0.473223
0.517921
0.463605
0.227661
0.343408
0.530452
0.416704
0.3919
0.18563
0.0257361
0.0123995
0.284748
0.520029
0.442645
0.127928
0.280093
0.397818
0.0517214
0.261792
0.409655
0.0207365
0.305643
0.299675
0.158133
0.111952
0.212103
0.0811959
0.131087
0.0324174
0.0465013
0.26967
0.0110591
0.0760414
0.429223
0.473395
0.431532
0.433185
0.0768084
0.431299
0.42487
0.199648
0.0950709
0.0274965
0.0183641
0.119353
0.169537
0.40447
0.0524559
0.457682
0.0605124
0.122121
0.316272
0.347556
0.139465
0.420322
0.416191
0.372067
0.474504
0.0117174
0.285681
0.345558
0.355275
0.284303
0.325401
0.420259
0.442235
0.436757
0.189317
0.308543
0.0273777
0.444381
0.0861477
0.355662
0.200871
0.367461
0.324826
0.383899
0.439064
0.0662936
0.0279644
0.0762813
0.358498
0.113398
0.23784
0.462655
0.42837
0.471655
0.543964
0.436047
0.366892
0.428342
0.402582
0.120469
0.4044
0.328221
0.374019
0.145486
0.141993
0.0181155
0.428365
0.26777
0.253591
0.372217
0.558591
0.322748
0.271985
0.471072
0.153422
0.404624
0.100911
0.399616
0.572914
0.2387
0.30716
0.375743
0.224027
0.0787634
0.320704
0.0219949
0.0418352
0.318296
0.291824
0.200791
0.339151
0.175468
0.44908
0.534197
0.388214
0.0533316
0.397076
0.299188
0.483402
0.44084
0.344255
0.455227
0.153245
0.268123
0.126238
0.477812
0.332485
0.340542
0.0957946
0.125507
0.430823
0.107858
0.424076
0.414681
0.541435
0.0965727
0.204893
0.474106
0.454888
0.396303
0.125834
0.239587
0.397167
0.166004
0.397763
0.151635
0.0265426
0.254252
0.464599
0.417256
0.439276
0.301262
0.36518
0.319939
0.506213
0.0981343
0.0522078
0.140794
0.103679
0.467125
0.204578
0.469006
0.245784
0.173004
0.445296
0.385996
0.276086
0.0713809
0.261306
0.0979257
0.177903
0.375607
0.477522
0.324822
0.0898255
0.20102
0.393448
0.121336
0.35767
0.26225
0.397813
0.358796
0.308701
0.421335
0.0191888
0.0142104
0.449349
0.342745
0.0588671
0.0895847
0.424691
0.221292
0.42592
0.086027
0.449008
0.185757
0.0576404
0.30261
0.419892
0.367495
0.26878
0.474513
0.0106446
0.0245936
0.201513
0.281023
0.47594
0.195581
0.455747
0.441543
0.205518
0.204183
0.476899
0.476049
0.465517
0.276978
0.16062
0.430596
0.379337
0.107282
0.405851
0.0710096
0.440115
0.303101
0.305098
0.13003
0.405123
0.222879
0.0805535
0.272744
0.0294848
0.207696
0.150821
0.508647
0.0925237
0.052482
0.294367
0.383537
0.298832
0.285356
0.23156
0.37768
0.0745518
0.14227
0.441945
0.225886
0.457091
0.261923
0.41117
0.472141
0.147285
0.147936
0.0472712
0.472982
0.290925
0.468688
0.383242
0.101461
0.203912
0.276432
0.140408
0.0514705
0.172981
0.0450544
0.0369932
0.132088
0.353541
0.460914
0.403746
0.462715
0.402352
0.121598
0.0684119
0.476891
0.186574
0.529239
0.104449
0.0343041
0.186945
0.199438
0.39607
0.522615
0.355591
0.363872
0.303513
0.421749
0.0357029
0.439066
0.0482469
0.119067
0.164675
0.162235
0.385108
0.112026
0.265485
0.0820218
0.434575
0.360399
0.449839
0.37746
0.157048
0.351288
0.441433
0.43063
0.458083
0.409316
0.0726221
0.19031
0.0408497
0.0686824
0.501137
0.0868649
0.469887
0.234673
0.424401
0.456932
0.442021
0.390986
0.28599
0.480732
0.532458
0.408736
0.413854
0.180725
0.469511
0.42472
0.0452543
0.256592
0.304343
0.363137
0.105914
0.47291
0.0702095
0.0682924
0.460835
0.467924
0.176995
0.0676485
0.530209
0.30739
0.211936
0.122867
0.143343
0.108578
0.0226879
0.0377238
0.430015
0.0663469
0.418346
0.458533
0.301701
0.11446
0.097376
0.0879978
0.0231008
0.0966281
0.240278
0.0336211
0.531853
0.13301
0.464785
0.453344
0.377029
0.409179
0.398011
0.111674
0.460253
0.160224
0.551447
0.444163
0.326061
0.205858
0.438177
0.060031
0.467617
0.13895
0.36397
0.224288
0.413473
0.320989
0.17317
0.313133
0.0118823
0.132744
0.127446
0.477007
0.078369
0.0758503
0.375277
0.361578
0.104809
0.430645
0.288679
0.290101
0.39711
0.429889
0.318355
0.298483
0.285866
0.0478366
0.137058
0.107236
0.523514
0.157656
0.0727264
0.0274813
0.18392
0.121386
0.262863
0.0880039
0.365955
0.421666
0.162406
0.259321
0.123805
0.365117
0.460057
0.0157294
0.276129
0.131199
0.301493
0.34344
0.316631
0.358147
0.0595864
0.290909
0.0262703
0.473038
0.373048
0.452206
0.291824
0.119206
0.471171
0.444883
0.130933
0.455638
0.210255
0.300895
0.0333773
0.180932
0.282319
0.408451
0.385712
0.304859
0.194507
0.53721
0.0202331
0.393727
0.0812323
0.279846
0.168021
0.347903
0.458956
0.0251336
0.281679
0.0519216
0.201313
0.379233
0.464251
0.0278923
0.513085
0.183251
0.21509
0.369157
0.28274
0.189234
0.196018
0.386246
0.403745
0.466207
0.138916
0.245717
0.419442
0.275225
0.0298049
0.429885
0.240947
0.370247
0.344568
0.205185
0.463589
0.433062
0.392492
0.138452
0.408423
0.106643
0.186161
0.340438
0.527627
0.0658669
0.180408
0.180456
0.378032
0.0864666
0.200996
0.457871
0.242329
0.0159017
0.0285366
0.0790317
0.315363
0.227852
0.140708
0.447357
0.0624683
0.0991602
0.477136
0.53272
0.0838473
0.390385
0.46608
0.0632917
0.43119
0.426464
0.072323
0.0991213
0.387859
0.523057
0.136945
0.390931
0.289969
0.47466
0.227985
0.245418
0.235791
0.376236
0.259269
0.165458
0.507663
0.513229
0.476081
0.321375
0.297615
0.134938
0.399075
0.131841
0.36198
0.457558
0.494218
0.0693568
0.252394
0.252023
0.0321835
0.409671
0.0584015
0.256843
0.266685
0.0503875
0.0605532
0.406181
0.280663
0.0166486
0.329181
0.449422
0.353712
0.0407393
0.0524928
0.123741
0.018834
0.223336
0.151985
0.361075
0.251272
0.33436
0.473157
0.472401
0.227781
0.33868
0.0696756
0.367544
0.358563
0.269871
0.0544717
0.575558
0.193072
0.0526338
0.330641
0.398928
0.0763384
0.115397
0.372012
0.250823
0.0808749
0.302003
0.0801815
0.422086
0.147561
0.132573
0.305285
0.192403
0.165358
0.365108
0.237852
0.330943
0.470701
0.427745
0.341271
0.418311
0.356065
0.310184
0.346785
0.244877
0.0110186
0.34145
0.222907
0.39089
0.0384767
0.322438
0.449008
0.152481
0.399071
0.114257
0.44752
0.469227
0.18947
0.104736
0.056838
0.187255
0.360796
0.0312518
0.177515
0.172709
0.453559
0.469111
0.121426
0.421578
0.178586
0.0654186
0.0532702
0.470561
0.441753
0.259705
0.392826
0.542754
0.160473
0.325289
0.460184
0.38648
0.455686
0.457795
0.499944
0.438014
0.204119
0.487579
0.423277
0.184795
0.318983
0.189653
0.420152
0.455859
0.449609
0.357356
0.174438
0.0534351
0.283792
0.0982827
0.446658
0.471607
0.295441
0.194047
0.476312
0.34006
0.283768
0.249749
0.0381311
0.171351
0.445741
0.473271
0.0161544
0.441498
0.468987
0.438307
0.340884
0.466788
0.0341706
0.0556849
0.146685
0.242181
0.29319
0.44345
0.235596
0.2145
0.333911
0.186823
0.416308
0.294777
0.362834
0.54912
0.102529
0.344583
0.0348637
0.322057
0.0497729
0.201403
0.309535
0.452253
0.130891
0.466513
0.230019
0.213089
0.320412
0.215929
0.169481
0.557914
0.0826238
0.174464
0.0854432
0.438752
0.305084
0.357781
0.0776053
0.389937
0.292915
0.323461
0.456304
0.393407
0.395188
0.0588972
0.212589
0.325104
0.109486
0.346897
0.438743
0.281738
0.305871
0.246495
0.257061
0.187839
0.460386
0.210555
0.470832
0.242793
0.26685
0.0784863
0.190917
0.340182
0.418436
0.461901
0.432697
0.31072
0.37079
0.2761
0.173202
0.245312
0.320258
0.33743
0.0191288
0.275748
0.484614
0.142581
0.462648
0.450066
0.456264
0.225798
0.442505
0.440104
0.046599
0.486227
0.331836
0.419166
0.0195001
0.0919214
0.21782
0.429212
0.181877
0.410488
0.0133699
0.344239
0.543942
0.298229
0.272144
0.461462
0.329896
0.149236
0.0323679
0.453996
0.120981
0.326948
0.131068
0.157223
0.182006
0.164442
0.0605642
0.311128
0.475966
0.466907
0.284916
0.375794
0.0820327
0.368297
0.140087
0.192615
0.104355
0.172865
0.078097
0.101614
0.314466
0.0170902
0.369771
0.117569
0.373456
0.10613
0.23379
0.241788
0.376678
0.130341
0.242995
0.491966
0.0196803
0.33652
0.0285578
0.177928
0.436582
0.469335
0.349467
0.439301
0.201298
0.547576
0.150338
0.182037
0.0686256
0.124435
0.205358
0.232968
0.0907992
0.454878
0.249069
0.46344
0.119137
0.352949
0.232588
0.0551074
0.526147
0.183744
0.43127
0.0220078
0.125118
0.126548
0.49362
0.475007
0.321503
0.365087
0.214649
0.290922
0.209195
0.252173
0.334732
0.546473
0.0995511
0.268491
0.347895
0.358357
0.476805
0.252292
0.301701
0.505217
0.0644901
0.469854
0.313369
0.35578
0.237248
0.368798
0.232789
0.456605
0.466943
0.350968
0.229961
0.403362
0.154165
0.0970622
0.215223
0.201259
0.0104605
0.323029
0.179779
0.259778
0.141764
0.214351
0.321875
0.471545
0.470743
0.462277
0.45054
0.467661
0.284644
0.0286853
0.0823251
0.138877
0.0437226
0.284624
0.475514
0.240729
0.247631
0.302156
0.551303
0.397196
0.213837
0.228168
0.249429
0.207311
0.138292
0.213872
0.0287044
0.220699
0.260292
0.265587
0.0532442
0.34473
0.111671
0.168899
0.295663
0.0614732
0.0295798
0.101085
0.270317
0.470829
0.152829
0.032312
0.245548
0.235133
0.50745
0.467334
0.0256588
0.436508
0.140138
0.0584895
0.20586
0.121528
0.311304
0.227242
0.0999277
0.0524685
0.283701
0.26757
0.0413431
0.15374
0.371337
0.0105238
0.171985
0.378084
0.366641
0.110835
0.0696335
0.375086
0.474582
0.121665
0.159639
0.448125
0.409742
0.104015
0.196578
0.387896
0.36218
0.434226
0.218814
0.273241
0.474292
0.513021
0.154529
0.444501
0.450745
0.0761078
0.293495
0.336967
0.131585
0.452351
0.145935
0.451424
0.0232967
0.539735
0.424919
0.291469
0.286411
0.136577
0.030863
0.208956
0.264652
0.317425
0.293028
0.351999
0.172108
0.290561
0.249949
0.114534
0.415175
0.13705
0.203233
0.223891
0.326243
0.411258
0.336398
0.1468
0.0407183
0.465475
0.480845
0.0246823
0.44852
0.168629
0.528303
0.474097
0.375944
0.0476928
0.309464
0.401495
0.438765
0.424162
0.403741
0.401136
0.385972
0.0333167
0.292455
0.0152338
0.281526
0.0670357
0.0529647
0.0817483
0.161931
0.0377452
0.102436
0.247509
0.365332
0.426523
0.492823
0.256711
0.299973
0.413604
0.435268
0.420542
0.464895
0.422799
0.0925464
0.0270576
0.168899
0.567982
0.359891
0.264484
0.292063
0.18326
0.255591
0.428252
0.483918
0.228904
0.153112
0.220182
0.248219
0.0400864
0.434334
0.389626
0.221832
0.437313
0.468698
0.390174
0.494403
0.0700147
0.411643
0.0694555
0.0944209
0.455612
0.225602
0.460674
0.283752
0.31867
0.120498
0.346418
0.302438
0.325112
0.318338
0.34336
0.456487
0.163772
0.47205
0.401109
0.329239
0.416878
0.446725
0.153703
0.107976
0.420707
0.292631
0.225259
0.217193
0.4742
0.464515
0.361332
0.283647
0.212648
0.36365
0.411713
0.178938
0.399258
0.384807
0.461601
0.346788
0.446923
0.383742
0.120341
0.246641
0.0797111
0.196864
0.170436
0.213987
0.346176
0.469174
0.16857
0.0899085
0.127782
0.0503014
0.29305
0.302171
0.315115
0.0201657
0.13487
0.117899
0.261969
0.434067
0.0722175
0.242401
0.219801
0.227946
0.187906
0.280208
0.398086
0.257223
0.0188112
0.467344
0.143618
0.396715
0.46473
0.166933
0.464263
0.214329
0.204179
0.418788
0.27986
0.0239744
0.372432
0.122114
0.236665
0.37884
0.375499
0.407516
0.43137
0.376213
0.246284
0.450704
0.160886
0.416521
0.432608
0.319724
0.0863172
0.220853
0.40582
0.541553
0.408629
0.41371
0.0815592
0.245285
0.431742
0.0426077
0.336262
0.453013
0.0318643
0.0973539
0.187278
0.0183387
0.155671
0.391364
0.11287
0.436115
0.377721
0.477063
0.370845
0.462831
0.465153
0.332243
0.261683
0.274584
0.32008
0.398067
0.494702
0.401277
0.251619
0.27226
0.184055
0.293674
0.220821
0.416029
0.300334
0.268776
0.45549
0.445151
0.417589
0.466732
0.331181
0.134794
0.404233
0.057507
0.453218
0.237084
0.234045
0.312028
0.208977
0.296833
0.378684
0.0780359
0.345109
0.286324
0.382629
0.470753
0.150489
0.290973
0.236172
0.274218
0.486828
0.153274
0.231633
0.0551506
0.335722
0.0228333
0.269974
0.472437
0.244079
0.0173536
0.466103
0.21251
0.0798813
0.386526
0.466274
0.0211778
0.0849543
0.172757
0.42915
0.24751
0.212544
0.0951222
0.151803
0.0710097
0.131479
0.427912
0.424005
0.394455
0.316147
0.288684
0.0542558
0.0706316
0.247427
0.389203
0.298321
0.263462
0.392203
0.460638
0.302675
0.296613
0.297004
0.438371
0.428353
0.255059
0.407701
0.301312
0.305707
0.46663
0.158048
0.402097
0.219404
0.0443685
0.413841
0.156217
0.475651
0.471691
0.372396
0.213189
0.105777
0.451056
0.22821
0.44424
0.244109
0.303594
0.311162
0.455135
0.41249
0.445554
0.506685
0.368967
0.320331
0.302626
0.40689
0.286365
0.213754
0.356332
0.0285681
0.422981
0.271562
0.130077
0.357874
0.150943
0.416154
0.347564
0.319659
0.0857826
0.143681
0.0993915
0.18785
0.216266
0.193181
0.216244
0.0498651
0.461255
0.541745
0.103552
0.205293
0.215087
0.419348
0.368547
0.260683
0.352707
0.411206
0.0118192
0.11941
0.393841
0.204748
0.344606
0.288711
0.19869
0.131542
0.234217
0.279511
0.168321
0.281596
0.43117
0.0254473
0.190612
0.20664
0.0426996
0.469013
0.55216
0.0939177
0.333751
0.427829
0.386059
0.271491
0.367625
0.278291
0.0735229
0.425263
0.203009
0.236759
0.109057
0.290617
0.0602655
0.194738
0.364118
0.397151
0.246785
0.260516
0.184621
0.0151446
0.0834451
0.412686
0.0753573
0.453244
0.257984
0.426594
0.470491
0.319744
0.466555
0.447211
0.0141755
0.0827257
0.288512
0.360448
0.358401
0.26491
0.118306
0.16078
0.343203
0.0449428
0.173792
0.393948
0.222504
0.281526
0.0716303
0.289046
0.369987
0.222652
0.420647
0.492607
0.444921
0.0527856
0.0830954
0.190261
0.348531
0.0997115
0.185444
0.342993
0.180447
0.363136
0.427994
0.122733
0.460081
0.197115
0.348254
0.0556526
0.171374
0.234794
0.198392
0.177363
0.104262
0.233695
0.385699
0.245771
0.254025
0.0260426
0.12602
0.175839
0.437917
0.517251
0.405449
0.304484
0.446351
0.443288
0.402833
0.459459
0.115212
0.461582
0.28935
0.414603
0.182775
0.400291
0.150644
0.229009
0.400371
0.337802
0.230766
0.163744
0.45446
0.237328
0.190944
0.335332
0.173776
0.42584
0.101063
0.0751727
0.39438
0.477573
0.150778
0.0850588
0.321753
0.341896
0.416214
0.137854
0.376125
0.425969
0.53298
0.0706474
0.0703462
0.322329
0.259037
0.317678
0.493702
0.110818
0.0387778
0.204696
0.177655
0.0955345
0.177962
0.300327
0.0846236
0.213684
0.322251
0.405823
0.427064
0.164412
0.22095
0.427065
0.178539
0.193902
0.137558
0.0919294
0.401922
0.398845
0.411374
0.0433492
0.463549
0.16975
0.0782293
0.473701
0.428782
0.227302
0.0515131
0.38688
0.41203
0.423536
0.0315225
0.35129
0.476109
0.13831
0.314542
0.178928
0.465165
0.460306
0.462441
0.0409843
0.538282
0.265169
0.334074
0.109828
0.268153
0.339955
0.360809
0.346038
0.144564
0.526714
0.0704158
0.324916
0.448365
0.426755
0.363455
0.364161
0.433362
0.449491
0.188866
0.41568
0.272595
0.396159
0.558643
0.298808
0.416507
0.111358
0.0110373
0.439767
0.279741
0.110033
0.44581
0.279855
0.272209
0.391242
0.262607
0.386137
0.078735
0.440004
0.230088
0.3573
0.461994
0.220595
0.415856
0.248515
0.0936734
0.467929
0.128747
0.213309
0.0897804
0.452618
0.230873
0.274309
0.278152
0.322134
0.397258
0.139583
0.0390865
0.215278
0.335653
0.493907
0.169277
0.12545
0.0980066
0.034584
0.393933
0.126784
0.307202
0.383265
0.303412
0.428359
0.136233
0.382495
0.23942
0.170776
0.410604
0.0869316
0.531704
0.262769
0.190236
0.270505
0.0153309
0.402187
0.358647
0.391062
0.5634
0.231483
0.335353
0.424902
0.257659
0.108648
0.0254671
0.189738
0.110693
0.476706
0.444773
0.0911757
0.422667
0.449738
0.0671304
0.527333
0.503585
0.020397
0.309694
0.135738
0.0477546
0.425022
0.0283341
0.443468
0.0112428
0.466653
0.0592622
0.0703304
0.361969
0.101416
0.0434666
0.366669
0.165962
0.447255
0.516865
0.092579
0.0739619
0.381574
0.331649
0.121746
0.0321144
0.436627
0.269509
0.0530356
0.472577
0.459802
0.2373
0.31701
0.193217
0.0574093
0.245349
0.0176321
0.456182
0.115357
0.111322
0.464971
0.242245
0.0274114
0.375119
0.189018
0.340773
0.13233
0.464085
0.387042
0.217382
0.419786
0.535867
0.417216
0.117171
0.448386
0.129715
0.0374109
0.338531
0.331225
0.0312959
0.356573
0.180453
0.219702
0.274024
0.253785
0.519382
0.14437
0.331721
0.400067
0.0182405
0.316818
0.0977694
0.0919306
0.474571
0.195895
0.140182
0.325097
0.0742516
0.25433
0.421505
0.443313
0.0891994
0.121387
0.481419
0.132724
0.0169296
0.328467
0.0222469
0.519122
0.03084
0.446499
0.429815
0.0294905
0.466591
0.422589
0.106755
0.286788
0.464706
0.549381
0.0573982
0.272184
0.237701
0.448461
0.154441
0.313717
0.40092
0.136276
0.0534789
0.368303
0.299412
0.0369467
0.325505
0.0472705
0.1655
0.0963604
0.24934
0.468579
0.423262
0.31311
0.119403
0.404005
0.0600453
0.335195
0.121853
0.403886
0.361998
0.45488
0.067699
0.394005
0.0698302
0.44826
0.319033
0.113564
0.371897
0.0425287
0.5309
0.450268
0.179321
0.301815
0.037997
0.192248
0.129089
0.254775
0.32872
0.138862
0.471191
0.499629
0.375258
0.274519
0.470879
0.533212
0.19744
0.207805
0.173303
0.405024
0.138523
0.473678
0.350133
0.387299
0.095888
0.36865
0.409966
0.477501
0.0866183
0.373378
0.266768
0.224054
0.123746
0.301787
0.142611
0.336428
0.466397
0.154908
0.384356
0.42871
0.0449829
0.380182
0.26235
0.338394
0.365543
0.513268
0.0127757
0.472176
0.455888
0.162689
0.448315
0.475693
0.459802
0.204139
0.121671
0.364537
0.177521
0.0652582
0.226053
0.475811
0.163057
0.117715
0.20714
0.0336675
0.0845258
0.150008
0.0437093
0.240065
0.0299209
0.465779
0.32261
0.190497
0.410842
0.218808
0.146701
0.447883
0.199745
0.247904
0.099444
0.456685
0.448285
0.284087
0.296092
0.0986776
0.29979
0.0961999
0.171525
0.123669
0.313123
0.363917
0.420332
0.124373
0.426659
0.41465
0.499848
0.0214472
0.279238
0.458814
0.097771
0.254239
0.460222
0.175459
0.0854866
0.0456643
0.454004
0.434462
0.0721082
0.187107
0.35379
0.106611
0.152104
0.0196443
0.433494
0.0207309
0.102433
0.459529
0.459999
0.103924
0.0252235
0.0916614
0.349649
0.0757186
0.390591
0.519367
0.400595
0.398497
0.409838
0.429415
0.293218
0.26956
0.0277005
0.193573
0.296073
0.173209
0.159897
0.54878
0.0858846
0.0821761
0.0971142
0.37223
0.099863
0.0236922
0.0638341
0.0673264
0.287768
0.0951746
0.148584
0.403101
0.175699
0.0874827
0.47138
0.181328
0.364858
0.376579
0.376893
0.138458
0.142601
0.0811092
0.239963
0.116003
0.365675
0.373021
0.412957
0.0209491
0.455868
0.052785
0.0929909
0.134954
0.334054
0.434435
0.413939
0.439481
0.294094
0.421773
0.023891
0.086533
0.225157
0.410085
0.223124
0.404802
0.456204
0.305498
0.231258
0.290796
0.420076
0.380874
0.249322
0.295269
0.101722
0.345322
0.549276
0.453121
0.475655
0.501525
0.462353
0.440707
0.414466
0.443124
0.0321172
0.372545
0.161089
0.116009
0.314822
0.364495
0.414596
0.396347
0.403545
0.226972
0.206111
0.0795556
0.171927
0.265027
0.2421
0.470528
0.0135545
0.432563
0.0231664
0.471853
0.0444886
0.151934
0.427647
0.145198
0.0245396
0.294837
0.225931
0.163098
0.389748
0.533034
0.0859788
0.411726
0.16827
0.244734
0.256214
0.253862
0.508784
0.458316
0.316751
0.426783
0.0821948
0.227354
0.29338
0.436323
0.0891537
0.394298
0.173415
0.201642
0.221022
0.163764
0.310416
0.207496
0.419436
0.0983537
0.107845
0.465411
0.464141
0.424976
0.0195968
0.477129
0.220666
0.206183
0.167954
0.451369
0.225095
0.111675
0.135824
0.230029
0.454115
0.333037
0.0200892
0.0705046
0.375234
0.411542
0.525536
0.0600751
0.473598
0.208409
0.092729
0.336536
0.161741
0.296339
0.0566653
0.0428656
0.44534
0.426939
0.466545
0.220891
0.430843
0.470233
0.329537
0.0984441
0.370809
0.459953
0.213768
0.215
0.0755949
0.458195
0.451379
0.446953
0.294086
0.384441
0.302211
0.526369
0.542659
0.406522
0.393253
0.340027
0.337923
0.471918
0.242473
0.107773
0.36251
0.464286
0.0696777
0.402344
0.412621
0.476515
0.382632
0.210138
0.240627
0.425312
0.213237
0.354707
0.35095
0.442004
0.366803
0.292032
0.133923
0.323628
0.085403
0.038388
0.350546
0.0203242
0.437046
0.160407
0.239265
0.276572
0.292724
0.385758
0.0321664
0.112546
0.394517
0.347493
0.188306
0.274959
0.184139
0.148558
0.0509172
0.465829
0.295623
0.444117
0.438671
0.491715
0.449763
0.0973067
0.16269
0.455263
0.266083
0.0136657
0.0889602
0.468054
0.383248
0.256858
0.095039
0.448755
0.026883
0.329762
0.0759088
0.18795
0.299798
0.127233
0.153547
0.183418
0.325998
0.210974
0.127295
0.345317
0.222555
0.188207
0.0936473
0.219841
0.474148
0.0406552
0.19187
0.267005
0.266332
0.312954
0.35187
0.137322
0.357971
0.157684
0.424985
0.0630463
0.373763
0.463768
0.472771
0.365053
0.300647
0.0830686
0.442979
0.339467
0.274794
0.0352514
0.283121
0.446308
0.217973
0.190201
0.0836221
0.480438
0.30491
0.0622353
0.172481
0.055462
0.145579
0.251507
0.164645
0.0335717
0.0557165
0.469284
0.45378
0.324374
0.092468
0.551061
0.177143
0.0998916
0.46451
0.160026
0.0814405
0.354996
0.442396
0.300543
0.0799489
0.144703
0.300104
0.339786
0.395011
0.359813
0.528668
0.0671479
0.525685
0.386524
0.309151
0.0929463
0.132278
0.463694
0.243409
0.0883447
0.204209
0.386419
0.457425
0.499354
0.218888
0.342757
0.115946
0.256718
0.420083
0.451811
0.0652237
0.0911859
0.173349
0.396427
0.352726
0.310662
0.304561
0.154901
0.2587
0.423523
0.468387
0.0496104
0.153435
0.337147
0.156371
0.367414
0.0200998
0.347812
0.211878
0.0453179
0.176494
0.224989
0.143358
0.161714
0.418805
0.0694493
0.0690831
0.143449
0.511523
0.214263
0.0627475
0.449683
0.419317
0.0630423
0.351791
0.371625
0.303657
0.173395
0.0908067
0.285332
0.379323
0.419428
0.21087
0.396986
0.319115
0.300332
0.114778
0.418303
0.127027
0.420346
0.484615
0.357412
0.277177
0.354235
0.457741
0.0619994
0.322752
0.431488
0.0904684
0.390705
0.406805
0.364463
0.379453
0.435354
0.133931
0.234682
0.409673
0.512408
0.367381
0.244107
0.40618
0.467611
0.213609
0.400096
0.374212
0.403266
0.0630784
0.435065
0.144387
0.443421
0.228317
0.0404882
0.375374
0.180511
0.355654
0.411557
0.450673
0.278718
0.102256
0.362582
0.475212
0.304032
0.263539
0.420639
0.110549
0.213427
0.142247
0.170556
0.409007
0.0907173
0.555559
0.425561
0.44318
0.461728
0.346454
0.257656
0.0410784
0.43028
0.0526993
0.107535
0.425852
0.39671
0.444341
0.163524
0.141511
0.479538
0.368518
0.363377
0.361736
0.475031
0.313631
0.163195
0.269821
0.289662
0.132269
0.454231
0.460297
0.42832
0.369858
0.369398
0.242834
0.188783
0.301747
0.278131
0.260376
0.256241
0.466181
0.317856
0.473937
0.331823
0.190982
0.406865
0.474438
0.0338837
0.431441
0.0859525
0.019567
0.0331245
0.0220262
0.402037
0.423062
0.459202
0.531084
0.418853
0.0976495
0.577684
0.457363
0.404037
0.376171
0.399508
0.131515
0.220458
0.142395
0.142147
0.346255
0.351749
0.0660814
0.104035
0.416739
0.0417126
0.428559
0.33584
0.0278093
0.0721645
0.275991
0.46474
0.47473
0.208574
0.194906
0.290663
0.123014
0.0258761
0.47371
0.411203
0.467639
0.128937
0.291784
0.190882
0.360698
0.165772
0.40226
0.512186
0.373385
0.10504
0.465278
0.467145
0.173534
0.238779
0.428549
0.218034
0.218922
0.0414169
0.393224
0.0189581
0.238782
0.258733
0.431805
0.229775
0.07238
0.362538
0.129445
0.364341
0.435707
0.399589
0.460057
0.217914
0.414428
0.410115
0.275736
0.334545
0.0260494
0.332958
0.46965
0.481345
0.364104
0.102373
0.13068
0.283402
0.478057
0.394457
0.160445
0.0931302
0.498479
0.373214
0.503
0.0606125
0.432897
0.458711
0.37485
0.332758
0.299206
0.259697
0.123932
0.416095
0.11322
0.433894
0.459286
0.0153517
0.116685
0.222303
0.406335
0.0515356
0.181212
0.460549
0.422855
0.447838
0.461751
0.536049
0.475631
0.130159
0.132243
0.466082
0.458641
0.536171
0.124858
0.108525
0.0867507
0.476489
0.194903
0.298206
0.111462
0.450106
0.0515715
0.0271916
0.362671
0.0831601
0.0330115
0.139592
0.210243
0.383371
0.20358
0.188843
0.463
0.451025
0.0736941
0.282174
0.212849
0.161617
0.474916
0.241459
0.209627
0.0465436
0.181984
0.507738
0.434762
0.480448
0.0970241
0.435482
0.445655
0.107399
0.191381
0.41173
0.291589
0.455657
0.220365
0.231084
0.223128
0.168327
0.113439
0.397769
0.283301
0.230565
0.0742723
0.405359
0.147726
0.144098
0.267058
0.161278
0.205193
0.166104
0.446367
0.348535
0.212358
0.0633907
0.376462
0.478949
0.0566919
0.155766
0.272957
0.118872
0.459496
0.29993
0.149313
0.218206
0.013596
0.129017
0.051086
0.385671
0.27122
0.370127
0.0163912
0.0949544
0.254407
0.374065
0.0371557
0.470861
0.334797
0.238797
0.356277
0.265569
0.0454472
0.11379
0.107067
0.324353
0.202984
0.295593
0.432417
0.308881
0.226689
0.235745
0.386161
0.153654
0.371404
0.106561
0.452932
0.44483
0.470177
0.373885
0.34486
0.287673
0.175246
0.392688
0.409086
0.425912
0.378683
0.124803
0.476394
0.390534
0.408314
0.234607
0.492226
0.325326
0.0368729
0.201739
0.152342
0.320439
0.0212807
0.367128
0.270691
0.0560326
0.460805
0.297498
0.104798
0.225456
0.0561987
0.302015
0.0572377
0.362216
0.203782
0.174077
0.191313
0.474864
0.456758
0.213696
0.254794
0.078358
0.222895
0.0539128
0.0925955
0.0147104
0.122856
0.330826
0.374382
0.356068
0.505529
0.0505807
0.427891
0.26901
0.364059
0.137487
0.29292
0.0401707
0.234336
0.402977
0.120303
0.207368
0.258846
0.187639
0.401482
0.260698
0.372643
0.0151274
0.198613
0.0329999
0.451587
0.311717
0.453222
0.465929
0.494204
0.448101
0.268246
0.173682
0.108398
0.0843379
0.449955
0.319736
0.441859
0.0799127
0.376716
0.166643
0.298638
0.462336
0.257224
0.334439
0.0718569
0.233335
0.456928
0.0625966
0.353465
0.214639
0.0236423
0.221377
0.331993
0.321132
0.467611
0.330279
0.308897
0.502622
0.391452
0.107624
0.324413
0.0492849
0.0686149
0.443716
0.0978343
0.406825
0.459898
0.459933
0.289698
0.400803
0.457255
0.244061
0.164514
0.0227538
0.459528
0.495286
0.47209
0.264097
0.325968
0.228286
0.0413037
0.305
0.501244
0.493438
0.416615
0.194049
0.0532305
0.0350062
0.182324
0.437914
0.322682
0.244591
0.159939
0.483786
0.251958
0.42153
0.43563
0.458008
0.381693
0.443079
0.263669
0.0304478
0.0649689
0.462167
0.240097
0.408489
0.104668
0.446681
0.309568
0.337294
0.476706
0.433506
0.349438
0.0511954
0.380373
0.415093
0.0115882
0.369065
0.420359
0.128237
0.0257463
0.206285
0.161173
0.242038
0.330085
0.492211
0.402272
0.468128
0.0553287
0.451981
0.475922
0.116574
0.334126
0.416942
0.0846092
0.399226
0.0790383
0.214986
0.123059
0.31295
0.0818655
0.276729
0.0468229
0.498691
0.261032
0.473373
0.0598958
0.212647
0.234688
0.0831459
0.188538
0.0398222
0.152604
0.121762
0.574833
0.212009
0.392714
0.258333
0.0569324
0.278963
0.331674
0.146481
0.471009
0.449787
0.107617
0.161735
0.192755
0.421643
0.264954
0.0751494
0.460604
0.0261723
0.185233
0.36377
0.423795
0.0500736
0.207321
0.094764
0.445648
0.0124373
0.0822834
0.279695
0.319395
0.361444
0.336954
0.206323
0.304871
0.469098
0.435356
0.292577
0.0927923
0.374108
0.476829
0.0193975
0.312122
0.445884
0.184566
0.155915
0.189438
0.259781
0.444252
0.427606
0.0977161
0.201557
0.0757483
0.318545
0.209668
0.189416
0.219326
0.401036
0.205726
0.170444
0.470292
0.105947
0.332591
0.0216785
0.0371448
0.433411
0.265989
0.0167594
0.172726
0.253732
0.290019
0.1336
0.517545
0.396949
0.0430131
0.482716
0.233906
0.196357
0.405458
0.222311
0.532433
0.451522
0.0909591
0.054512
0.225741
0.355718
0.549842
0.187421
0.378548
0.233226
0.437411
0.0804962
0.457272
0.0808814
0.0905952
0.09566
0.389667
0.0385803
0.101492
0.339382
0.338423
0.454096
0.0382553
0.213768
0.400564
0.212677
0.168177
0.495968
0.0428243
0.0336428
0.0670826
0.261506
0.353043
0.220595
0.470549
0.494497
0.162256
0.248977
0.492962
0.448334
0.0340827
0.0470171
0.118071
0.159338
0.0603759
0.018037
0.449275
0.293946
0.456615
0.304419
0.0185178
0.346092
0.113107
0.41565
0.104482
0.329914
0.0659253
0.170482
0.452521
0.24043
0.0601291
0.0264041
0.117594
0.155573
0.410566
0.441132
0.442319
0.0112337
0.481305
0.228456
0.168719
0.0968473
0.0792967
0.0303338
0.0176011
0.464856
0.219778
0.327015
0.293645
0.423164
0.125561
0.462905
0.222884
0.338955
0.0936571
0.282586
0.449129
0.419148
0.239805
0.167995
0.348156
0.283731
0.404878
0.295794
0.465002
0.0122422
0.0801767
0.187358
0.377109
0.267483
0.0286081
0.316566
0.460562
0.30515
0.0108787
0.412669
0.205263
0.470663
0.232121
0.0854755
0.316659
0.437811
0.314647
0.302405
0.390713
0.36083
0.453
0.142812
0.101293
0.436416
0.453015
0.423043
0.295605
0.457904
0.446766
0.447537
0.166989
0.302276
0.0313918
0.394596
0.0742689
0.0317472
0.142928
0.0645194
0.231223
0.379065
0.303583
0.163995
0.262871
0.426768
0.0852207
0.0880602
0.222327
0.0878936
0.385188
0.464285
0.271309
0.279801
0.3368
0.417581
0.126723
0.228058
0.140691
0.387171
0.513666
0.475772
0.422988
0.306377
0.460747
0.335478
0.195299
0.428349
0.44442
0.196876
0.0433675
0.442944
0.225232
0.374791
0.197601
0.420555
0.238877
0.421172
0.0562208
0.0844829
0.0429612
0.507553
0.429163
