energy
0.104951
0.136576
0.114577
0.0727307
0.0740273
0.147651
0.102428
0.108803
0.291686
0.0983085
0.0681764
0.0859687
0.845515
0.0666463
0.07623
0.0631942
0.0698612
0.0834025
0.0659367
0.430316
0.110802
0.205961
0.907478
0.473606
0.0655253
1.15351
0.333712
0.0631795
0.0674681
0.0716601
0.111094
0.365431
0.783363
0.107994
0.184306
0.0648036
0.149897
0.0668273
0.232545
0.116752
0.113565
0.240028
0.0654098
0.0987263
0.392654
0.284157
0.106911
0.0614044
0.107462
0.116579
0.0657372
0.0696644
0.0657362
0.588815
0.46231
0.083588
0.463243
0.0540151
0.122551
0.459146
0.149324
0.069633
0.106231
0.207121
0.410664
0.113842
0.760473
0.11207
0.247853
0.0900712
0.112448
0.0685213
0.0702699
0.0895124
0.922379
0.0672011
