energy
0.455931
0.41093
0.289216
0.0829346
0.43902
0.0323808
0.0726435
0.0466732
0.439444
0.446562
0.0687744
0.454158
0.346029
0.118535
0.16853
0.326627
0.383933
0.461375
0.256352
0.150812
0.243542
0.0381769
0.0848309
0.507448
0.378869
0.40644
0.0602361
0.50755
0.122184
0.316657
0.457896
0.317932
0.417657
0.333292
0.188101
0.450843
0.16488
0.132374
0.421322
0.238866
0.451139
0.220273
0.457464
0.139341
0.2847
0.478247
0.0862228
0.186951
0.458475
0.0974607
0.475185
0.280571
0.276779
0.246209
0.159237
0.456646
0.392401
0.3792
0.364859
0.438595
0.0621596
0.0792217
0.356957
0.0454378
0.218318
0.412046
0.368793
0.230991
0.303982
0.0129306
0.254099
0.21925
0.0178824
0.425023
0.181696
0.332709
0.0336937
0.474926
0.312593
0.117289
0.0767796
0.024756
0.0747554
0.0731679
0.0343031
0.380162
0.306732
0.160869
0.391037
0.186765
0.282922
0.14863
0.321617
0.199462
0.219079
0.254635
0.386226
0.0762271
0.443716
0.476579
0.0409789
0.297512
0.473976
0.368403
0.114896
0.261756
0.0101878
0.279584
0.115913
0.375349
0.0362512
0.13599
0.147388
0.157667
0.368577
0.530095
0.213888
0.288837
0.0161958
0.238957
0.100337
0.484593
0.0774681
0.424738
0.134532
0.126108
0.434697
0.312356
0.0209373
0.279298
0.369302
0.328633
0.195007
0.287338
0.307232
0.470091
0.322196
0.21504
0.0342979
0.133427
0.442702
0.118594
0.215279
0.181789
0.287857
0.249618
0.220842
0.373395
0.509513
0.0355511
0.250127
0.209854
0.290848
0.410918
0.275595
0.463657
0.289303
0.416703
0.19815
0.364116
0.0184967
0.0442978
0.410304
0.0155033
0.251441
0.475213
0.308453
0.152984
0.43269
0.436709
0.151765
0.305751
0.0870699
0.201116
0.262762
0.0543094
0.349284
0.405401
0.174607
0.277593
0.325268
0.0137337
0.507754
0.1983
0.0417347
0.165852
0.457142
0.285774
0.0634198
0.087068
0.297898
0.464357
0.449212
0.0525188
0.337921
0.0699407
0.312159
0.0279136
0.299718
0.389873
0.236409
0.340201
0.292518
0.307761
0.22266
0.0871929
0.0328155
0.404214
0.131918
0.0362576
0.0517325
0.0423517
0.379751
0.0281348
0.0946129
0.251019
0.0530101
0.475002
0.0337429
0.241654
0.0399929
0.192988
0.432554
0.365938
0.324988
0.46559
0.227593
0.336819
0.183264
0.430129
0.469321
0.463052
0.191341
0.221805
0.324726
0.303916
0.423586
0.287381
0.103948
0.403763
0.0623425
0.345239
0.411885
0.420906
0.294592
0.445116
0.0393237
0.38602
0.0564883
0.118801
0.0731432
0.299173
0.0450811
0.108259
0.0568287
0.396499
0.341132
0.114629
0.451254
0.416118
0.22666
0.455058
0.464851
0.442958
0.277735
0.313319
0.434056
0.449323
0.0138389
0.131856
0.391958
0.297021
0.0138023
0.186822
0.439347
0.435282
0.156618
0.316183
0.110646
0.464459
0.38999
0.411305
0.187122
0.0750138
0.31981
0.191311
0.0239329
0.131752
0.339046
0.0986688
0.241388
0.41338
0.44377
0.228724
0.33094
0.410312
0.413867
0.352166
0.38841
0.0342074
0.113516
0.550128
0.0445898
0.407906
0.456097
0.153218
0.109657
0.252414
0.300501
0.400369
0.035928
0.0369412
0.0566483
0.347608
0.458776
0.253437
0.450247
0.305223
0.463811
0.53326
0.356088
0.320035
0.471819
0.412381
0.120154
0.0531166
0.590805
0.155401
0.279228
0.0172484
0.291524
0.273931
0.0818649
0.351815
0.199961
0.442884
0.52264
0.316057
0.0585995
0.282228
0.0648962
0.0447231
0.0645544
0.190142
0.159667
0.200401
0.243032
0.500827
0.0369098
0.200064
0.0625607
0.0637802
0.144983
0.463184
0.0153614
0.469228
0.226302
0.334868
0.248382
0.493176
0.44419
0.409762
0.408575
0.147663
0.450929
0.257402
0.485784
0.0973062
0.459648
0.221562
0.398727
0.33301
0.296118
0.0116506
0.473047
0.271389
0.412063
0.157344
0.140277
0.483155
0.299971
0.0183865
0.22105
0.245803
0.469706
0.120554
0.0416997
0.360598
0.381774
0.334592
0.44243
0.444384
0.441798
0.0929475
0.449145
0.215827
0.270305
0.0524157
0.456234
0.42931
0.468982
0.368861
0.2
0.334683
0.10363
0.312902
0.416461
0.303009
0.466911
0.1438
0.132801
0.43411
0.407128
0.426969
0.128172
0.199358
0.255612
0.373041
0.0343448
0.0796819
0.0930316
0.172388
0.417305
0.412959
0.41197
0.44183
0.0404007
0.397047
0.43297
0.188629
0.301504
0.0950475
0.225484
0.0791522
0.352453
0.340824
0.426386
0.190801
0.433565
0.0961531
0.549257
0.419824
0.349252
0.338891
0.439015
0.382332
0.325807
0.053917
0.0646623
0.490776
0.190122
0.237711
0.320132
0.173851
0.258455
0.250891
0.156936
0.335364
0.47198
0.449982
0.107713
0.129146
0.0974084
0.43467
