energy
1.35973
0.220072
5.32041
2.08977
0.844982
18.2338
9.68485
10.9569
0.345745
11.3924
0.714957
4.69514
5.20956
0.151394
1.17667
5.92131
1.26274
11.3658
1.89847
3.71232
1.90456
0.402229
0.562371
0.512427
1.87802
3.09411
4.16346
1.01836
1.75367
3.09895
0.342245
1.74662
2.61245
0.928005
6.76824
2.94019
0.238773
1.35437
3.19868
6.97131
2.39075
0.15727
2.11403
18.1166
1.98686
0.411961
2.00021
1.04139
0.529327
6.82776
10.7076
0.937709
1.06265
4.24917
10.5603
10.1106
0.794283
0.242806
0.177766
11.3732
4.52829
0.42597
0.312809
1.95713
1.08225
7.50064
9.05914
0.146016
2.60917
5.92134
15.3421
1.17982
0.997216
4.37913
6.94094
3.06305
0.970409
1.0147
2.55613
2.96789
4.96586
0.483509
4.58675
0.333761
1.89047
0.784118
0.549471
2.27535
7.75769
0.827564
3.72657
0.61298
0.740782
1.12291
1.89419
0.119818
3.56142
0.276398
0.106408
2.21974
0.192516
4.19443
10.9423
1.12352
0.610613
0.603644
14.8678
1.99062
0.496559
1.26004
0.450876
2.38357
5.51972
0.151014
0.237817
3.65804
0.517829
9.55751
2.24575
7.77531
1.5598
6.89577
3.29342
9.16562
2.02397
1.13179
1.23672
1.41216
1.03883
0.757593
0.726464
1.60935
5.94007
1.01647
8.24661
0.118501
1.73537
0.147791
3.88329
1.93419
0.774265
7.03783
5.69885
6.48669
0.162853
2.09302
0.54229
2.76735
3.14798
6.41748
1.13287
2.35871
0.307569
4.56059
2.54087
1.25633
0.78783
0.210061
2.35998
0.142274
10.139
0.189365
2.45016
0.272672
0.685495
0.80058
2.16012
5.87552
0.53953
0.115057
2.0175
0.499644
0.465233
1.84394
6.33017
0.462137
15.8265
0.76489
0.657707
4.20752
1.21896
2.32213
0.895038
7.04251
11.8691
9.33953
2.60626
4.39283
3.72971
6.2766
10.4419
0.211891
26.3273
4.86011
2.83748
2.52694
3.4165
0.539317
3.13582
7.58734
1.42096
1.30187
0.354812
0.128931
21.1915
1.99887
0.896297
3.23022
2.84021
0.243057
2.3087
10.7769
1.1845
2.00962
2.73495
5.08971
2.25187
0.745646
0.815183
3.88668
0.125638
1.57051
2.78838
2.95636
0.235837
2.02365
2.95601
2.14881
6.44787
3.51556
4.06365
0.763646
3.56939
0.87875
1.20532
1.37558
1.08952
1.38944
1.37042
1.90354
8.19934
4.64279
5.54233
1.26869
3.58317
0.200541
3.79734
1.32353
8.58715
0.372628
2.58591
1.30949
2.32184
1.81521
1.85739
0.710002
16.1787
2.90344
1.96126
3.24905
2.80014
3.54476
1.21261
5.33418
0.209735
1.0472
4.09529
13.9398
8.77536
2.4561
0.325257
1.14482
2.38433
0.925475
5.43763
2.10387
2.23609
8.57332
0.761905
0.472792
1.77714
8.38298
5.71551
0.258795
0.872915
0.804667
3.38142
10.1004
2.16234
12.6828
1.48226
2.59443
0.190679
12.5975
0.589978
2.08775
2.67415
2.26266
0.489417
0.286131
0.138749
1.76306
5.59046
19.2418
1.68583
0.643819
5.14816
0.965076
3.23953
0.512408
4.05975
10.2526
0.777924
0.756078
0.127256
3.15356
3.67015
0.912688
1.9751
0.744106
0.705127
2.78948
0.228456
3.52354
2.05662
0.607059
13.5017
19.1094
9.93294
13.3814
1.48269
15.4778
6.50508
8.10891
11.9321
6.25983
0.249846
0.549808
4.94567
4.30315
8.7255
0.165539
3.19744
4.62394
12.589
4.03911
1.29268
1.88286
2.94541
10.6565
3.22856
3.60129
7.88346
1.26442
0.14492
9.7317
1.56554
11.6423
10.3027
0.667352
7.86121
0.111226
0.695844
7.50706
9.63064
3.66415
1.21983
0.194812
0.352656
3.49315
6.11394
0.269805
4.72945
1.70127
1.37251
0.829974
6.89408
0.273312
0.113324
2.93047
10.0335
1.97845
0.550903
3.77237
3.57294
3.20996
5.64087
2.63206
1.35914
2.43022
2.93201
0.619264
2.01404
0.133268
2.48375
1.70325
3.53834
0.189072
3.40347
1.17765
2.16285
1.59889
1.24045
4.31837
0.94302
8.20994
0.246075
3.81191
3.68084
1.36259
0.79992
5.41752
0.253819
8.69089
9.528
2.42254
3.70487
0.184726
9.33569
2.95769
0.339899
4.65575
0.321607
0.327747
1.37052
9.40601
1.12739
3.75516
4.06389
0.279056
0.345884
1.12515
1.29312
0.453834
2.12253
3.98239
1.66686
2.35844
4.10457
0.347978
1.33685
8.03386
18.9919
1.76343
13.0291
0.904158
4.2257
4.65763
2.74229
4.32075
1.41855
0.147897
0.393911
7.53458
1.10271
0.228522
0.860573
0.127678
0.20839
0.39583
0.804602
0.924554
5.41326
1.49247
0.539778
0.199847
9.45857
1.32714
0.335389
0.650921
11.3478
6.7762
1.89917
14.6596
0.977208
5.58808
0.327148
1.3094
1.86006
5.85054
4.56137
5.42272
3.24634
0.604828
1.03553
1.0479
2.94107
3.33037
0.900245
2.66365
0.283824
5.90543
0.453296
3.98702
0.257115
1.54853
2.15888
1.67028
0.136599
0.489982
7.71137
1.08974
3.66154
2.60844
6.23609
0.301766
1.26776
1.50212
1.75601
2.6255
1.43539
7.34096
0.262134
10.1567
3.23714
1.00113
0.141373
8.07274
15.5848
7.54908
3.36835
12.2004
2.56806
1.363
0.358537
0.872389
1.43659
0.379472
0.178814
4.09326
0.199819
0.666831
0.161428
4.92662
9.56838
0.387972
10.433
2.19603
9.2749
0.206496
9.10145
0.785132
8.8143
1.7556
0.94945
4.52883
0.523956
5.32334
0.381099
9.34804
2.97878
3.24838
12.6673
1.44086
0.878124
1.66745
4.17608
2.77582
0.405155
0.218372
4.17461
0.227194
2.23409
0.108975
1.65985
1.01065
2.68586
3.91794
3.09897
4.12995
3.05685
1.56058
4.41287
6.44052
0.536385
0.200478
1.90209
0.779717
2.12341
4.77209
4.69654
2.02685
4.09597
1.45478
0.204581
4.95384
1.89551
0.839753
2.90613
1.33821
0.154493
2.62447
0.187833
0.822171
1.79636
3.49899
0.458432
0.366912
0.248679
1.78404
1.28322
8.31393
0.509952
1.68551
0.947357
0.241391
4.06677
0.874006
1.95749
1.56556
5.27201
0.361072
8.28392
0.128655
3.16972
1.08939
1.54114
1.13328
0.85464
2.98089
0.40686
0.131907
4.79198
2.10724
3.08164
0.650495
11.5609
0.297079
0.283708
41.2033
12.9333
4.49812
2.52301
0.406544
0.837698
1.45101
1.41974
0.949626
3.62179
2.60689
0.972623
16.8326
0.528269
0.917159
0.976776
3.51705
0.831369
1.64362
6.36979
2.72909
1.05778
3.61389
2.69699
12.8761
3.17678
14.0264
1.91872
0.361971
10.593
1.28294
4.84322
4.08982
1.91441
0.64679
3.42547
4.58543
0.625819
0.362524
0.284135
0.245218
0.651771
0.124191
2.76959
4.25905
0.47951
2.52553
9.29034
0.853563
1.08115
1.93653
0.145019
9.11683
0.908032
1.36799
1.86903
1.95639
1.21752
0.464628
0.88879
0.288439
4.02594
9.93212
2.80244
8.55426
3.02806
4.27025
0.725179
4.78143
4.31276
3.83442
0.626507
9.24407
13.6139
3.16219
10.4912
13.7903
3.00357
2.90097
0.688401
2.74075
2.74617
0.299752
6.56219
0.656179
12.4268
1.25158
0.32387
8.21865
0.185627
1.93508
8.51596
0.52011
1.45313
1.72182
7.3528
11.3662
0.1548
4.67276
1.15495
0.17887
0.423835
5.24926
0.326561
1.36795
6.97362
10.4794
1.21943
0.950541
1.28621
1.53717
4.78363
0.160499
2.13613
1.34378
2.48941
0.796889
10.2573
0.587584
0.675768
1.176
0.277157
2.94001
0.508125
0.256253
4.63306
0.213185
3.06363
0.280918
8.67599
2.31799
4.44911
7.70898
6.25447
0.690941
2.82143
1.96197
0.282424
0.446126
0.820793
3.18312
0.478674
0.364907
19.7068
3.92845
7.83008
6.82537
0.381241
0.238926
9.06281
10.2825
2.37584
1.93708
9.94563
0.103466
9.89897
1.79227
0.394802
0.863697
13.4326
3.76826
0.881644
4.72515
1.08804
0.261806
4.55935
1.20147
0.233355
1.86953
0.218514
2.33045
10.001
17.2269
9.6546
6.19401
1.43211
0.816947
2.00681
0.494576
1.62406
1.50997
0.631321
0.871843
1.24303
1.64236
1.42636
0.72409
6.20175
0.262367
0.53688
0.425669
1.96624
5.66595
12.0824
15.4289
1.27051
2.83132
0.235143
3.20083
0.706909
0.96063
2.1769
4.7876
9.03328
1.18905
8.39504
1.92051
0.419562
0.333752
12.2823
4.91844
7.37148
2.79186
1.82191
8.36568
0.149967
31.0103
7.15709
0.743489
0.147862
5.51253
6.49503
0.465356
0.112769
0.328332
8.21508
3.52307
14.1115
0.523101
4.1901
3.37718
4.39955
0.135271
11.7638
5.31436
0.814334
0.328256
1.28504
1.30939
0.420269
2.29237
3.29478
0.642514
2.55977
8.22394
1.32449
10.8378
31.0443
1.07783
4.61768
0.234263
1.35073
14.4431
0.4166
3.94929
0.828045
1.39289
0.701761
2.87372
0.539523
6.82889
1.39335
1.08446
0.271742
0.446834
0.778729
0.495265
1.58105
0.101521
9.36651
0.461192
1.24195
1.89387
3.67813
0.482232
2.65906
0.24305
5.88676
0.923633
0.133236
7.53629
8.75373
0.413864
0.448617
0.995907
6.78147
6.5975
2.39451
1.66778
0.921431
0.27517
4.83931
0.158485
2.02849
12.3417
12.6856
1.38691
0.220389
5.08271
0.279243
0.352073
0.910972
3.352
8.47965
1.41984
0.976234
3.28002
10.057
0.274482
0.228148
17.8547
2.39562
0.330863
3.14157
0.507023
4.16139
1.50174
0.161807
0.129242
2.03039
0.218386
1.43808
2.14863
0.673728
1.88865
2.19212
2.09938
0.907407
4.80792
0.427068
9.27525
0.597485
4.78836
2.5683
1.72563
10.5859
1.35814
8.97234
1.19649
1.20218
11.2624
1.28106
7.65979
0.223699
7.54746
8.84868
1.82063
1.14718
2.11346
3.80754
2.1184
2.13893
3.34916
23.19
4.56894
0.822139
0.956435
2.24284
1.13778
0.93058
1.8401
1.42301
4.84345
2.40873
0.938258
0.570106
0.967556
7.14004
7.08892
1.43582
1.44786
0.243888
0.231037
4.11175
4.76514
1.05778
2.336
0.162194
0.589453
0.930593
3.31032
1.89747
1.50528
3.03466
1.40196
5.44722
0.778183
1.40824
3.48007
1.39337
3.8134
3.19036
0.115187
0.473334
8.08623
2.39686
3.85999
7.90841
2.36242
8.96382
1.01412
5.1455
7.06316
8.50917
3.66361
0.245222
1.34893
7.10855
8.64166
0.395254
2.24612
0.31962
0.941802
0.523844
7.72828
0.153369
0.220962
4.89723
3.68628
7.5205
0.531875
0.360645
2.25639
3.4378
0.306064
0.978871
2.43945
2.76009
0.167147
0.166905
3.09263
3.68321
0.219186
3.52794
16.2658
1.83246
4.46513
17.42
0.307714
1.68085
10.4823
0.538947
3.53401
1.71885
6.39664
1.56517
1.03162
0.108068
1.18904
5.26861
6.08533
1.10336
26.098
8.51868
3.15881
23.2331
2.55566
3.78242
0.179215
17.5928
0.233511
0.137843
2.29816
0.227794
12.6393
1.87125
1.43602
3.71372
1.39505
8.39163
0.964461
0.696322
7.1617
2.12977
1.00174
21.7205
0.173124
0.385789
0.747369
0.207509
5.06262
8.29753
0.432563
2.32298
0.150387
2.1578
1.10518
0.628674
0.76633
0.810722
0.473683
0.725904
0.118163
0.389559
0.365525
12.3149
0.611589
0.172483
3.69401
0.529465
0.990053
5.37208
0.25586
1.15626
0.615422
4.24189
10.0496
2.6109
5.09035
2.85888
0.409055
6.81346
0.508306
1.49772
3.57458
2.88588
9.54261
1.03665
0.540916
2.01066
1.16106
3.22747
0.163417
0.581324
1.09581
3.34189
6.47178
17.1244
8.24591
1.26231
1.07292
0.864428
4.64038
9.80136
0.294906
0.29924
2.57321
0.779469
0.51273
0.980527
7.83784
4.38857
3.25028
1.82773
2.01345
8.42922
9.91383
1.62538
5.2337
2.84387
2.3247
2.88264
0.687173
5.75095
0.244853
2.2836
6.30721
2.27942
0.499198
1.46367
0.217778
12.0921
0.700915
1.44605
0.933478
4.69182
1.38734
5.60876
2.62582
12.2621
0.721278
0.799588
6.09986
0.968241
0.102325
1.0865
9.08351
0.98208
3.18055
1.20516
7.6255
6.82876
1.57
1.88631
3.06954
0.622531
1.42693
0.309946
0.306787
5.21513
0.526442
0.876435
1.04772
0.499175
1.88408
1.24425
2.50778
5.47287
7.642
1.21366
8.86974
1.2051
5.12101
11.0067
1.2276
2.35868
0.433786
0.233259
3.90301
11.2359
3.71997
0.744363
1.22521
0.555596
0.798234
1.00347
0.383244
0.410587
0.594717
2.43186
11.5763
0.699472
2.17244
2.81458
0.295111
4.49408
0.549528
3.36411
4.95594
0.117929
0.716381
7.33544
0.586079
1.45018
4.07941
6.5447
5.7167
3.91073
1.00529
5.32127
2.47418
1.68579
3.44172
1.56291
1.61159
1.51349
0.610442
9.63377
3.19396
0.406185
5.40478
3.55028
0.248558
0.332041
0.114298
0.686125
0.350716
0.336739
34.4032
10.2418
9.14121
4.91214
16.8732
13.3359
0.239408
4.39708
0.961478
0.119571
4.10932
5.16642
3.51956
3.15601
2.36794
1.93978
7.52438
1.3252
0.52367
2.62825
0.785764
0.89758
0.383647
3.12705
1.21538
2.84378
0.434106
1.58132
0.404345
3.06168
1.72676
0.238431
3.9394
19.7783
1.93914
0.259567
1.0446
2.41817
13.771
0.135106
0.88301
0.110595
8.5059
0.66661
0.549586
0.69833
3.31544
1.0254
0.430763
11.115
0.99347
1.60484
0.192962
1.43923
4.54787
0.361841
1.50518
7.39247
2.31648
2.6296
12.4345
0.860369
3.35444
0.192434
1.18244
0.160804
0.371408
2.20249
0.650009
1.2022
1.26642
0.59859
0.559353
0.42204
1.74605
0.589665
6.67871
1.86471
0.95378
2.59857
3.39141
2.52911
0.323831
1.92875
0.777486
5.55007
0.618352
3.27845
8.96043
0.827086
0.809698
11.1432
1.04183
1.13146
0.43888
1.07049
0.384784
1.6771
0.950757
0.291059
1.79959
1.15747
0.17641
1.13459
2.48855
3.44734
2.52389
1.14757
11.6913
2.61682
3.37398
3.02803
5.52313
0.229453
0.177944
1.05659
0.39606
3.50109
1.17213
0.571531
0.393116
3.21856
8.01808
4.60377
1.8261
0.468608
7.30516
4.16261
0.185915
0.202341
1.04214
1.35217
0.245592
2.49443
2.21501
0.655656
1.16142
12.2987
0.849468
0.831441
0.206455
2.21265
6.54988
6.46916
6.11974
2.80192
0.636232
0.129848
0.136669
10.2934
7.18114
1.04169
0.245814
0.354207
2.07167
2.37778
6.4578
8.06364
10.2812
0.567288
8.57999
5.04203
3.55159
5.47154
7.4421
10.448
3.9526
3.46338
2.75601
0.332951
0.315443
0.245473
4.89556
8.52084
0.560318
0.855334
0.137815
5.13283
1.11259
9.28938
1.61568
2.69017
1.41206
0.761123
2.07946
1.81978
5.12303
6.70477
0.455441
1.332
3.90113
2.062
1.23089
2.49279
2.39308
0.284579
7.36398
0.528369
1.90415
0.68682
0.285366
18.0911
6.82935
3.92612
8.91949
1.53971
17.1315
2.26131
2.43553
1.31479
1.70119
0.341571
0.976625
1.20958
4.91038
1.22125
1.06848
2.01267
0.251985
0.101652
5.83942
0.505712
8.5301
3.77553
0.108561
1.3858
1.45039
11.3654
0.963735
1.92522
5.90611
0.323284
1.44864
2.35003
0.645186
3.44191
5.62048
2.53477
0.498032
1.21454
0.35659
9.78872
12.8069
22.3345
0.793982
1.90188
4.22439
1.89923
2.80581
6.20172
7.05819
2.87545
2.04885
0.658163
11.0323
1.22699
0.268011
1.17118
7.2572
5.59618
0.250841
17.9464
0.503945
1.81532
2.35336
2.36275
1.50277
0.432665
1.30517
1.23915
0.415557
4.02799
1.19506
2.1146
4.22972
1.70555
17.0782
0.149535
2.12529
1.11659
0.658966
4.59562
1.37694
1.60942
3.92305
1.98461
1.90274
4.50569
5.88794
1.79794
5.14233
0.19163
2.45318
12.3499
1.8084
0.145128
7.66706
7.33445
2.95065
2.45499
1.69417
1.13781
1.15341
0.218278
0.314159
0.271038
1.65219
0.319442
2.05442
3.08946
0.410922
2.10733
0.732348
3.03858
2.82099
0.788063
6.56075
1.44426
2.46088
10.2991
2.05657
7.01769
1.04376
3.03294
3.02942
2.79892
0.655429
0.316876
3.85296
0.586502
8.09188
0.141627
0.352409
2.92014
2.94486
12.776
0.498384
2.78846
0.887259
9.53358
0.42439
2.78188
0.339644
0.217805
2.20072
2.18555
3.61746
1.75402
4.89703
1.07529
3.81229
7.31827
1.33229
0.304883
0.497588
0.183309
10.0719
0.662976
5.06574
0.660602
1.48206
3.52819
2.31516
2.38735
2.88047
3.17446
1.21751
0.730862
1.44306
0.270588
2.395
4.53874
3.83658
0.569941
0.403625
1.19294
0.380868
0.487357
0.184361
0.209479
5.54108
2.80934
2.78739
14.1737
0.45899
2.31497
4.01722
1.69253
0.261305
1.96308
0.436939
0.879378
6.2378
7.77296
3.21483
3.30198
0.599159
1.28111
2.48448
0.765514
1.71422
2.8401
4.60818
0.798828
0.739018
6.8436
0.834315
5.718
0.785049
0.511475
2.6409
1.50767
0.295967
1.55811
1.32897
0.817992
11.9033
9.86988
8.09226
3.81196
7.35925
7.00557
0.57654
0.651159
0.300726
2.88805
0.128712
3.22736
32.5911
0.209909
0.675396
5.62076
2.03972
1.54952
0.224779
8.40981
2.28009
6.00189
3.54531
0.149223
16.2557
2.81842
0.453981
0.246914
1.96896
4.94981
0.114565
0.828551
0.993445
3.44134
3.19052
4.90746
0.944904
1.17717
1.34526
0.342159
0.576412
10.0553
3.99915
1.85373
0.540408
0.475603
1.06355
0.133052
5.55263
1.63882
1.26975
5.07707
7.18731
0.470606
0.326189
2.96385
0.572779
4.33473
1.07219
0.67017
2.57504
2.42013
5.99545
3.84081
16.8101
6.37034
0.287496
4.87081
1.09878
10.77
0.11614
4.29136
3.07064
0.457519
3.748
5.17625
4.27048
4.57676
1.23023
6.07226
18.0731
1.84355
2.31868
11.432
9.12164
9.98716
1.19791
1.71702
7.09132
0.63647
7.58473
2.38559
6.42748
0.397916
14.5298
3.99742
12.4775
2.86746
4.75634
0.669588
1.53974
1.76187
2.84096
2.67636
1.09918
0.177443
1.92307
0.16898
0.172422
0.200148
10.7463
3.28457
2.00247
6.5513
3.87262
8.20184
1.18049
3.61197
0.538423
1.28175
0.36724
5.39502
2.11079
2.74014
0.829497
6.1411
1.08443
0.116795
0.46234
1.22073
2.31972
15.8774
0.180177
1.72988
2.29385
0.941758
4.54099
1.30598
1.23772
4.35227
3.41784
0.159063
2.06795
2.13361
5.74779
3.21217
4.65239
5.4325
0.253472
19.3024
0.242456
23.9939
0.253955
6.16354
0.231494
1.53752
0.14739
0.461615
0.388701
0.341426
0.130091
7.34645
0.939659
1.85838
0.278846
6.76812
1.00155
0.662251
7.01226
1.16497
0.33279
1.89812
0.268803
0.166571
0.97942
4.18976
0.486806
1.58714
4.63653
1.80681
1.06329
0.458754
0.186019
1.23927
13.2247
0.954425
0.386648
1.31839
0.684261
10.5337
0.768943
0.419302
0.200248
1.3946
0.398654
3.72924
1.21884
0.365049
0.116903
1.82302
4.04197
2.23796
22.178
1.9778
7.3625
0.730384
3.25901
0.846501
6.0302
4.60463
1.38116
0.723907
0.552071
2.6186
0.815135
9.55786
0.970217
1.08424
0.404863
3.60193
6.13672
1.55053
0.316847
0.114893
0.3553
2.53648
1.81649
2.24566
2.77389
9.26529
0.125008
1.63183
3.38759
0.299106
2.17009
3.96595
0.150993
3.64709
7.18818
1.12125
1.84442
5.66964
7.46484
14.167
1.58917
3.60266
0.409299
0.215831
14.2932
6.31665
0.358102
4.79656
0.11577
0.979563
6.63906
1.89598
12.8879
0.157718
0.967362
19.9867
0.643109
9.97544
8.75837
2.47791
2.61665
1.64912
16.1898
14.5017
2.5747
0.796711
3.36412
9.79165
1.57367
1.82948
3.01135
3.35021
18.2241
4.35296
1.70085
1.0854
1.73768
2.41622
1.0292
1.5045
4.59862
1.21865
0.298098
20.7629
4.37345
4.05819
1.88389
1.15012
0.750142
8.26124
0.437826
1.89653
0.120464
2.33457
2.01145
9.41032
2.15312
14.2156
0.55746
0.805356
5.46414
3.98943
0.826112
1.85333
0.246202
0.161051
2.91946
0.251012
1.80268
2.02906
4.06229
0.270362
25.6803
0.759524
0.187007
0.163895
5.28784
0.150487
1.39966
0.576756
2.82656
0.886208
1.9499
0.468686
19.1069
0.50191
32.5107
1.56192
0.414855
4.50868
1.86416
0.280615
0.62312
9.2407
8.23769
3.40837
0.564593
5.82551
2.0883
1.57271
7.37489
0.598214
0.424532
0.122716
2.91443
2.27302
10.4732
3.33616
1.15318
4.74058
0.349663
0.756331
1.85037
3.74469
0.275825
6.05584
3.08629
7.74476
11.3586
6.96768
3.38894
4.63027
4.60531
12.9689
1.5477
1.4957
0.920635
0.223173
4.16282
0.577536
1.50686
6.35875
0.408711
14.0261
4.64787
11.0134
0.485067
0.982186
7.6622
0.281103
2.21974
2.50767
0.853616
0.406486
6.2246
1.75514
0.362512
5.05568
0.821179
1.70805
2.55595
0.733113
9.21825
0.1007
1.58076
1.31294
0.237583
6.11655
6.5131
13.8151
0.299109
2.87007
2.25192
1.30627
2.22408
8.00342
1.45058
1.97723
2.97075
9.65694
5.54787
0.386002
4.96483
0.500803
0.412144
4.08896
1.85594
5.08866
0.334508
0.993989
0.133997
2.70315
3.30651
0.125354
0.258918
1.93401
3.61524
1.21482
0.460295
16.122
2.01298
0.458265
0.191219
1.85732
4.37447
0.294872
2.03686
13.9451
0.680057
1.77447
3.12422
3.2116
0.210362
2.39993
0.256827
6.58721
0.102417
8.77302
30.6828
2.37681
1.95738
1.66012
2.65845
2.06414
0.421111
5.84684
0.439465
1.11683
12.1041
1.88194
2.16094
2.10644
0.986379
2.84809
1.46042
2.00694
0.106183
6.67088
2.04111
1.95381
1.97278
1.22068
1.65658
3.13334
15.6713
5.64614
5.88074
6.63374
1.72871
8.95131
2.86559
0.118418
0.365079
0.576822
1.65396
1.11547
3.98072
1.19531
0.135015
2.78883
0.626637
1.18401
10.1554
0.426647
0.623477
10.2322
1.75785
8.27208
0.157202
0.945155
0.978675
2.07688
3.19127
2.99767
4.88815
0.163477
5.04219
0.496635
0.998322
3.5582
0.380849
3.37888
2.51547
1.65602
1.98581
1.07053
0.502053
0.169052
16.9967
3.31419
2.65819
2.26423
0.557615
0.597577
10.7355
4.82401
0.130988
0.270374
0.212575
1.0938
8.26446
9.07654
0.789477
1.1322
2.98683
0.883326
10.3945
2.02224
4.82642
0.252318
4.54932
6.39139
14.4332
9.99416
1.12212
5.07338
2.02607
0.367082
0.324844
7.77872
1.85669
12.8129
4.9196
11.0115
7.46119
3.60322
8.25357
0.584361
1.9189
3.44984
0.430004
5.62035
7.94705
0.620327
0.764647
0.634007
6.02814
0.406266
1.7802
0.785101
10.6055
4.0409
3.33596
0.793364
0.337361
2.44924
0.974358
1.34626
7.04238
2.20395
2.45072
8.54149
1.02181
3.24668
5.60243
0.166681
7.43236
1.26337
1.05425
0.378475
1.40646
4.9267
11.4653
0.668004
5.12222
0.863323
5.39342
4.93357
7.34935
1.46586
8.79478
0.181536
0.219516
3.65142
3.17188
4.97895
2.00116
1.34199
5.30532
2.86429
0.858627
0.121916
2.3433
0.657873
0.421657
2.12004
1.12481
0.559024
0.64982
0.434716
4.38989
7.59029
1.14664
16.3606
7.98054
0.646918
0.551478
0.177594
0.38417
3.55014
5.31628
3.26052
2.93201
1.28313
1.28035
9.10005
2.26554
0.297035
11.2422
8.27748
10.3716
0.131549
7.9055
4.30719
1.41199
0.425275
1.47146
0.682897
5.6362
13.7338
0.872831
0.81084
10.0195
3.53867
2.5628
0.191575
6.20201
2.42976
0.205753
2.1023
0.936889
0.672649
1.21856
6.9965
7.79899
1.08397
3.83681
5.47274
0.110089
2.49327
3.53941
1.68482
1.41545
0.887253
9.1921
5.10609
0.456414
6.93279
2.1924
0.562507
3.16043
6.31311
2.34332
1.22359
4.42185
8.20084
3.43541
5.04034
0.64
0.219651
0.178903
8.63054
1.70058
1.79504
3.27647
2.97321
2.51344
6.00736
0.408232
15.5291
12.407
6.85173
0.72432
5.39303
3.42697
0.911794
3.77718
2.06152
1.71221
2.3097
0.189324
6.57499
0.547233
3.05985
0.390254
0.10676
1.86656
0.976128
5.18975
6.50951
0.279683
0.50841
8.42153
1.35083
0.169073
0.68373
0.406909
0.319259
0.629179
1.73875
19.9779
2.9452
2.84674
23.7437
0.969722
0.275641
10.1968
3.58974
0.285858
0.423842
0.680828
10.6767
1.10607
1.0925
0.239497
1.81121
1.22816
6.61765
1.68945
0.700413
4.94222
1.37023
9.58425
1.52205
0.760186
1.24415
0.148554
0.597501
8.84241
2.98976
0.410388
1.05706
2.31284
5.97496
4.92566
1.08941
0.143875
0.417327
1.97994
7.31397
0.126874
1.23146
0.639086
2.53031
13.6224
7.17538
2.15044
11.3237
2.24373
1.15044
3.58737
0.206953
1.55295
3.8824
2.99147
0.693334
0.903053
0.280109
0.535981
0.975601
9.73365
0.229569
0.691593
2.70444
1.01397
2.06354
2.79115
2.59604
0.570343
1.83632
9.84252
0.734944
0.239147
0.92924
3.09186
1.75217
1.68947
3.57845
4.03036
0.503165
1.96574
5.91394
5.58226
1.99428
5.8102
0.532132
3.1491
0.493208
0.192687
0.87599
1.13544
1.54002
3.11936
0.712747
1.84993
0.121303
4.50656
1.83529
0.550262
2.90519
1.86113
4.77991
0.567992
3.2622
2.62311
0.709337
0.136884
0.578482
2.06976
5.32267
0.883382
10.7528
6.56192
1.13394
3.00123
7.63258
0.153487
3.10994
0.11325
0.578511
8.59812
2.70377
2.84991
6.04778
3.59839
1.58823
0.964706
27.5384
0.187612
0.410678
2.27177
4.74412
0.166562
4.03822
12.9711
1.48648
4.29198
0.77434
1.33477
7.61434
0.769796
0.518353
1.59675
5.26696
0.139937
12.2116
2.25202
3.65246
3.15762
3.19923
5.00794
4.32507
2.3102
5.56606
1.09095
0.108993
0.207591
1.47348
3.93809
5.56299
0.490293
1.68026
2.94192
0.186731
0.58235
0.335212
0.550765
0.803413
2.92416
4.89974
0.208626
6.98589
0.53666
1.34595
0.278774
8.10587
2.01294
7.41799
0.134101
0.848775
4.82574
4.72626
2.10064
7.56105
0.418794
2.9803
7.02216
2.73976
14.4464
5.15633
2.79423
0.323051
0.751667
2.16966
0.194846
0.150672
2.12077
0.620531
5.65907
2.97585
9.66891
0.842311
2.12681
0.624499
0.842935
1.6145
5.55911
12.9407
5.36428
0.252601
2.96391
3.86389
0.688734
0.630287
7.86829
2.71539
6.44199
0.22402
0.279855
0.183771
4.61117
3.88055
1.07748
3.3859
1.69617
0.560088
0.449537
8.90856
4.91568
2.39923
0.637447
14.8599
2.90811
1.18784
1.46694
0.73577
0.195738
8.71624
2.26489
3.0299
8.80186
12.2262
1.50627
0.12787
1.01206
0.977135
0.808246
0.871255
4.78202
0.363021
8.41775
0.169801
5.3259
1.33481
0.759924
6.59292
0.346769
0.972753
15.2507
0.47784
2.40734
0.142646
4.15749
4.99731
1.10494
1.63137
15.1072
4.8871
1.68643
4.17031
2.20802
0.406284
7.36509
2.78452
2.16406
3.57547
0.320256
1.4308
0.261467
2.89457
0.358094
0.544095
3.70204
0.69595
1.33173
3.12557
1.41325
3.22265
16.0294
0.680383
0.744412
7.81718
0.295803
0.859508
0.449275
0.464485
5.21099
1.53866
0.248842
0.825698
3.97044
7.8349
0.557909
4.42117
0.157948
2.13206
0.272935
0.859871
1.28903
0.403785
2.36121
0.363449
0.697401
0.67191
5.05125
2.86078
0.333672
8.13554
6.21269
0.649197
4.00755
0.388362
2.27842
9.38273
10.3417
0.121533
0.69775
0.76897
1.1336
10.1894
0.385933
3.78356
0.280035
0.255679
1.15489
4.95258
1.55775
1.51696
0.170834
0.717998
2.94779
4.87167
1.62238
1.84893
1.19601
0.226748
6.56325
6.92974
1.34188
0.692735
2.11052
3.1113
0.173174
2.3033
0.196809
0.722622
1.03578
1.43875
9.68606
2.30478
0.108069
0.487152
8.61997
1.67224
15.3303
0.144562
0.583011
0.804998
2.67312
3.691
5.60429
1.62866
16.0584
1.77566
2.63866
5.04603
1.61164
1.78686
0.726123
0.141828
1.90714
1.17868
1.52119
1.58447
11.1554
0.805876
6.28654
2.10157
1.95485
2.32286
3.27993
0.240733
1.42601
1.10483
8.96424
0.546733
17.5063
2.07316
7.76517
2.48474
0.283295
18.6759
1.15779
12.5791
7.15359
7.24695
9.85985
3.44441
0.123001
3.7465
3.05258
0.261331
0.275144
3.70532
2.07809
3.01004
1.26917
0.478273
1.60449
3.12752
1.50862
1.5281
0.264787
9.86984
2.42845
5.17421
1.71024
10.6635
1.97457
6.392
4.9972
0.997707
7.83176
3.06916
15.7468
0.261931
12.7453
1.00906
0.74963
1.43176
0.893359
2.972
5.75631
3.76149
6.38727
4.95057
6.28961
3.6693
1.68385
0.25901
2.41133
6.57774
2.41225
3.86009
1.69636
0.286933
8.83092
2.47877
1.08769
1.06414
4.32725
0.266066
1.69907
0.323036
5.66606
0.9487
1.01577
3.78733
1.01682
5.73765
3.25008
0.144587
3.5565
7.88075
0.187691
0.398582
2.30913
0.730166
0.203229
3.69983
1.99893
7.59797
11.1296
2.34405
0.268988
1.53576
1.09086
1.97805
0.550881
1.0514
2.20665
2.88905
9.71763
1.50101
0.215985
1.4838
0.746733
0.693421
0.193153
2.04497
9.31946
0.425043
0.200838
9.89616
0.151794
3.03092
5.75983
2.04224
1.23396
0.559762
3.6163
11.811
3.42999
1.4626
3.65184
1.50461
1.55105
2.42869
0.147589
8.81411
0.507259
2.41252
10.0484
0.615618
1.30544
3.54603
0.724713
1.8361
1.61276
2.60815
0.731853
5.15993
4.33448
0.51546
4.62388
1.84356
0.28796
3.53508
11.0389
2.49481
0.523745
0.187938
1.81732
1.7833
0.516758
5.99031
0.235209
0.662074
1.61599
0.647491
1.10159
7.70634
9.09245
0.646664
0.290038
0.189406
0.120828
0.320968
4.43475
4.92132
0.903551
2.58519
0.675896
2.92688
0.954635
0.512391
2.70708
2.4709
5.44024
3.73941
0.366086
1.42665
4.92943
0.556287
42.2507
2.74897
2.793
1.01585
1.61563
0.369818
0.791768
6.88187
0.364326
0.512763
2.31599
3.35033
3.97741
3.3161
1.03525
1.74148
0.800708
1.39189
0.101888
0.218708
4.35845
0.599957
0.592142
1.92635
6.08831
0.715351
3.41965
0.741301
0.975222
1.05052
5.5538
2.7424
2.60933
0.609299
5.63184
0.337096
3.47843
4.38927
0.609317
0.496355
3.53115
1.42926
1.30906
1.31246
1.60483
0.589547
1.81227
0.444993
0.306309
6.64842
0.262974
2.17456
3.78739
9.44512
0.232718
6.52854
17.4688
0.334089
5.47343
5.13763
2.04731
2.12588
0.780298
0.101078
0.170317
10.7825
4.50252
0.206349
1.639
6.44439
3.25777
1.05466
2.05865
3.92501
2.95262
1.08869
0.551729
1.07925
0.255266
0.486082
12.116
2.46437
0.987062
1.82093
0.381335
2.58366
1.13169
1.46263
0.50736
2.94955
0.200631
3.87407
2.86235
1.97089
49.3609
0.869842
1.16074
1.84454
0.915361
4.77897
0.752284
11.5786
0.237148
3.12104
8.03284
0.684953
7.38076
0.185265
3.38941
0.234444
5.72604
4.78716
0.192733
5.58482
0.295779
4.72071
0.348235
1.98758
1.01497
5.3174
9.01875
1.40846
1.76609
1.19079
1.12251
2.53051
1.39709
0.215923
0.126788
1.07921
0.478298
0.102457
0.336936
4.38747
4.91363
0.100323
1.19467
2.76554
2.32521
1.29407
7.81728
1.00749
4.17205
4.65489
4.85466
3.03509
5.6539
0.196229
4.14877
2.00842
0.422115
0.812614
0.968521
6.72092
1.4097
4.03862
14.2764
6.80224
1.35953
0.483037
1.71039
0.579624
1.82318
0.143492
7.15391
0.525097
1.11655
2.25878
11.3887
3.38008
9.10022
15.3319
2.32537
0.7023
13.8332
4.14019
18.2438
0.573432
5.45946
1.2985
9.27191
4.36555
3.69457
3.81033
0.218249
1.24916
0.827164
2.64838
5.29605
3.29084
6.70121
0.362886
9.91649
13.596
3.19912
1.14055
0.248306
1.35934
0.582165
0.543619
0.85069
3.87053
0.305526
0.616675
0.366965
0.274963
1.90374
0.123039
5.1267
9.58403
9.19868
7.33344
1.45997
11.0922
0.932292
6.22542
0.125839
8.48695
2.08789
0.236836
0.850404
3.3468
1.54513
0.40226
3.62249
0.113832
2.03709
1.40926
1.76321
2.79018
8.43321
0.119306
0.846042
0.292678
0.140736
0.121473
0.237275
1.92669
1.90934
0.477794
0.351623
13.2134
0.682222
2.26261
0.664585
2.93031
0.698666
1.70214
1.98819
6.53107
1.07702
0.603022
8.16911
0.453704
0.283789
3.52902
4.70394
2.07485
0.352769
6.23823
5.09373
0.214636
7.57114
3.99203
4.52202
0.121404
2.02161
0.705262
13.8649
0.543583
1.15473
0.504481
0.103798
0.361458
1.15136
4.14218
0.239228
5.38352
5.40383
1.81507
0.546833
1.10444
0.100452
2.90348
0.288523
0.654704
1.61139
0.562899
4.10954
5.60343
2.84178
2.66321
7.03002
1.70057
12.9033
6.44444
2.28372
0.170229
2.74383
0.147116
5.88821
2.51751
4.3778
0.413144
7.27923
1.33158
1.20062
0.596147
3.05369
3.84969
3.9354
0.345889
6.20638
0.205746
0.641542
7.27168
2.28575
0.570735
7.19983
1.56282
0.127057
5.03985
4.36272
9.827
12.1027
2.0508
2.65643
0.102988
0.468841
4.92786
2.12547
2.17825
3.06206
5.41182
0.515819
16.4776
1.49735
1.63362
0.646794
0.183013
7.78506
2.26506
3.4389
1.03381
1.5215
2.63713
1.7344
14.0523
4.50241
1.74751
0.606522
8.44946
0.751863
0.40958
0.219514
2.1466
14.3087
2.79494
3.29086
1.26984
2.28291
3.10775
4.33683
1.28918
0.622871
1.89233
0.234107
3.68048
2.39746
0.988596
11.1087
0.994507
14.6587
1.44483
5.91538
0.182565
3.11674
1.88228
3.41084
0.32153
9.77793
0.635434
1.39662
1.62616
1.55161
0.205312
5.46895
1.45104
0.438343
26.7683
6.40105
6.88721
0.313306
0.615079
1.00469
11.3696
7.32059
6.40789
8.71463
2.93123
5.29259
9.54046
1.11526
2.33574
1.16094
0.596381
1.25497
1.77837
9.80918
0.932643
1.05105
0.262443
2.4169
0.274961
0.184941
0.902576
3.3495
3.2672
0.331814
4.51535
3.47966
16.9162
0.663906
0.14834
0.272323
0.797018
3.52267
5.52223
0.183959
3.16194
4.84127
0.260378
0.152358
1.67061
0.946729
1.12772
13.972
0.733231
17.0335
10.9434
0.448078
0.129515
7.88387
1.17599
0.279315
3.60159
2.82682
5.47552
0.232414
1.5041
4.4357
0.425365
0.373232
4.51455
3.90233
2.89965
3.65245
10.044
1.95361
0.16929
1.32528
4.37166
0.437434
1.4693
0.681977
0.663764
3.04234
1.63279
5.75586
0.680991
2.18588
0.763936
0.57092
3.93021
0.420549
0.289692
2.6714
3.05427
7.68828
2.6408
9.52613
4.57354
0.43461
2.82709
1.01502
1.9475
3.85812
6.16328
9.69614
1.04432
1.52445
0.136913
0.910633
0.12102
1.69789
0.422637
2.24252
5.91253
6.3912
0.649146
17.3715
4.56589
4.00072
0.169352
0.85579
0.355504
4.81245
2.04196
0.63642
0.514659
3.34525
0.353358
3.078
1.14007
5.24704
0.124638
0.754921
0.542712
2.53292
5.51382
0.157633
0.299591
0.681646
1.00152
8.94663
0.823334
0.368048
4.16724
4.58469
1.56499
3.03464
0.668836
0.368452
2.83311
9.86767
13.0106
5.16354
1.15157
2.03811
1.35765
1.78137
1.01417
3.23003
1.7153
0.476952
0.869498
2.04
0.399397
2.51568
3.58411
5.94256
1.09006
1.97525
0.171215
0.473134
0.700782
3.77772
1.32371
15.426
0.368558
10.9274
1.38917
3.32867
0.18771
1.05257
9.25827
2.33287
0.238633
2.35891
13.2413
0.684992
0.339121
0.197062
7.03371
0.450957
13.6042
3.66741
2.45324
2.8977
9.75688
10.5734
1.5362
4.64008
0.170151
0.357466
5.66583
0.787547
2.75275
3.95114
3.04629
2.02224
0.682269
9.07644
0.735699
1.43677
5.53392
0.17084
0.304411
0.801718
0.803042
0.413036
0.187446
4.62546
8.92218
3.24974
1.11976
0.383456
0.910692
1.739
1.92582
0.501425
0.700087
3.85456
4.67852
5.04766
12.04
10.7776
1.18263
1.05807
0.147884
5.91748
0.354871
2.36968
0.228945
0.236404
0.697617
0.859
0.826086
0.639679
4.0768
5.73379
2.35665
0.158492
2.27079
5.38592
1.80232
0.68983
1.90714
2.32284
2.64133
3.00116
2.86205
0.940754
19.9716
15.3827
5.82324
3.60324
3.27449
6.7145
0.306175
0.281837
0.887872
1.00656
7.1909
0.530345
0.305568
0.683704
4.50657
0.953779
4.55842
0.279703
3.99295
11.1479
6.07608
0.478247
1.57473
8.71077
9.03573
4.68437
1.69352
0.168622
2.53795
3.05186
3.12418
2.80811
2.66201
0.268962
0.217322
16.4863
6.79546
4.48843
0.178816
2.05626
3.13712
0.844608
0.105833
2.10779
15.344
0.110587
0.123925
0.785152
2.25217
7.99603
0.533842
1.5291
1.69245
1.35387
3.11474
1.07741
5.16187
4.17007
5.33001
2.52404
0.32624
0.784304
1.87201
2.1704
0.619936
0.99596
1.69205
1.96478
11.5244
1.32291
0.417615
0.371268
9.98986
0.622683
3.55605
1.18761
9.21389
0.593962
1.26152
0.233702
1.09104
0.344895
4.93541
0.949723
3.18247
0.180432
1.88748
1.74631
1.69785
0.440815
2.48194
0.399775
0.4156
2.69245
5.17421
7.18416
0.544989
3.88726
0.357846
2.09256
0.24832
0.302441
1.13124
0.502569
0.133559
6.09913
0.256581
7.54791
0.202559
8.1707
4.13479
10.3926
1.50946
4.32031
7.1091
0.969065
3.0108
2.35691
1.91
0.154379
0.25524
5.18249
0.260673
0.473892
0.503669
0.950061
0.701221
5.42811
0.18381
1.57369
0.508995
0.587523
6.78759
14.9321
1.31857
8.62731
0.650103
4.85023
0.611057
2.11864
0.156624
4.05617
3.97595
0.118453
3.69987
3.81902
1.15285
1.59743
2.18032
3.46398
0.397206
0.563887
0.822964
2.73086
0.246865
0.101395
0.992728
4.31616
1.47547
1.09819
12.5027
1.68735
1.50313
3.44535
2.35277
1.89439
6.4863
0.9044
1.23242
0.996343
4.08467
4.11894
1.13441
1.32681
0.935286
0.571242
1.3589
0.142307
3.32932
12.8364
12.5109
1.32609
26.0029
0.600984
0.876276
0.270082
9.08308
5.58314
2.01064
0.991895
0.704723
0.193274
3.35188
11.2558
0.588856
1.37738
1.84632
1.45657
0.864926
0.533653
2.4523
0.546733
0.500427
0.222623
9.62995
1.61345
0.88165
3.43774
3.64222
1.08233
2.59576
0.409779
2.42452
12.5271
0.489635
0.249946
0.118459
0.226159
0.392949
0.520138
1.95582
3.54528
9.34874
0.522063
9.21758
7.00625
1.16516
0.898465
1.41419
3.06035
1.14206
1.02167
0.522404
11.8793
1.21314
0.51889
0.418423
8.33374
0.76476
8.32352
0.350873
1.79821
0.126302
2.33423
1.57062
0.670861
7.5395
0.661273
0.834163
0.110957
3.31996
0.100778
11.4411
7.43753
2.14685
0.523159
4.08308
1.51914
0.379175
0.740222
0.134101
1.72977
12.551
0.104637
0.430608
1.50569
0.126338
0.543015
1.00046
4.3056
0.255788
5.4206
0.68668
1.65316
3.14967
3.93142
2.45817
1.13671
1.55961
0.927537
13.154
0.873308
2.57798
3.22249
0.665759
3.69681
15.5219
1.27936
2.69701
1.06092
1.28983
15.7251
1.49933
4.72031
0.156945
3.80068
1.44308
1.3901
2.95443
0.662485
0.66926
0.22504
2.4098
1.59474
4.01307
0.605817
1.00825
5.54019
0.473256
0.133918
3.27867
0.826554
3.79406
7.39535
4.3654
1.944
3.60419
0.308004
1.05035
1.39018
11.8458
6.24317
7.11923
1.84642
9.40898
3.26138
5.97237
0.957553
0.429738
10.3396
1.26861
2.8662
1.04094
8.93974
0.838201
2.34695
0.940394
4.46409
5.43615
3.80722
0.274263
17.3587
8.66877
2.22327
7.775
3.63614
10.1112
0.206781
4.18019
0.715873
9.75673
0.778815
15.3211
4.42001
6.55604
4.88566
1.36843
3.43556
0.603219
1.37361
0.307262
0.543602
0.111396
4.13845
1.37367
0.762157
2.34809
3.1145
1.83136
11.8712
0.355717
0.171439
0.684589
0.92641
0.235784
0.191018
1.08821
0.42297
0.133626
2.26655
11.6002
6.02688
1.33624
4.52158
4.70066
1.93497
0.185068
2.69969
1.07608
1.46296
13.6062
1.61197
0.818634
13.7265
1.23817
4.15347
6.48589
0.77541
5.08769
0.928238
0.489093
3.18441
3.9676
0.340438
2.89541
0.805871
8.00251
8.7998
2.7301
10.3428
0.673343
3.24875
1.59088
2.34741
0.8756
3.52599
0.946504
5.92407
7.53587
0.232787
0.557647
0.134096
0.316988
0.4341
5.24621
5.38835
1.76744
3.89204
12.9052
0.814931
5.55185
0.35651
0.212404
1.35829
1.21376
0.204863
0.715008
1.15327
0.155047
1.21278
3.50643
0.105591
1.0873
0.307575
6.51447
2.30372
5.7502
1.42112
2.60513
3.2136
0.337147
0.751756
0.832037
6.75118
0.341014
2.07656
0.201644
3.33436
0.897175
12.7604
0.637366
0.130673
2.36839
2.20757
0.315532
0.864354
10.4386
0.11816
0.123979
2.00899
0.858154
1.01853
0.465498
2.10363
1.11231
0.684643
0.406824
1.89346
1.07434
1.42399
0.705061
2.15457
1.22091
2.37738
0.849389
0.765599
3.37019
0.901768
1.83352
0.149052
2.85171
19.7498
1.12691
3.01002
0.487408
1.74397
2.59318
0.105491
0.733284
0.368462
1.61577
3.04584
1.11151
0.636088
4.58598
0.459432
0.638558
6.35056
0.85746
0.1333
1.99844
1.83012
22.6238
1.43206
1.89179
0.191818
2.26132
1.00529
0.816066
3.94818
4.40684
2.07031
0.425483
14.9107
0.58163
0.501177
3.28185
3.20676
17.752
5.13809
24.8702
4.5145
2.40443
3.71923
1.05123
2.90458
4.33498
0.85933
1.71728
0.291348
2.34744
13.5968
0.48858
2.79572
0.239334
8.18198
0.882211
2.4719
41.5647
0.987787
0.490155
0.888811
0.549109
0.443828
1.7752
0.204068
0.952429
0.352842
1.4559
5.6319
1.12145
0.69805
4.80922
5.9084
2.50507
2.3868
0.538163
17.2931
2.64278
2.4048
0.195817
11.416
1.43306
0.480448
7.03102
7.74907
5.37228
1.20186
0.349726
1.09856
10.8286
7.65126
0.308442
4.40318
3.36186
1.66778
7.30714
2.06905
3.64884
0.558909
0.375396
0.82361
0.362473
2.20027
0.773341
0.333806
13.4059
1.54683
0.933818
0.655216
0.879436
7.9999
1.04386
5.73135
0.814686
1.23919
1.61377
2.75163
0.180658
7.10879
5.85048
3.01178
0.967259
6.08557
5.09158
1.08288
2.05656
17.2252
9.31239
0.170073
0.521977
0.174059
4.76653
3.36889
6.38417
1.8844
3.59407
6.67517
1.10236
0.978357
3.66731
1.24964
2.07919
1.03168
0.688429
1.39751
0.597498
1.16075
4.10166
1.30912
1.60616
17.8606
0.663791
1.78647
2.36332
2.26969
1.80039
4.8345
1.94179
5.59187
0.175064
2.08703
1.10732
1.71082
4.52198
5.47314
1.7033
0.315278
2.29428
0.285995
3.88964
0.118548
2.06225
9.89782
3.84093
0.145028
1.35887
2.26245
1.11563
0.104252
5.95927
0.189708
0.143663
1.83461
3.4568
0.293941
1.97334
0.100747
0.924999
2.29529
1.38612
2.58204
2.45239
2.86507
1.05309
5.42241
28.2659
1.68184
4.40657
3.86462
1.39642
2.43665
0.825496
0.154594
8.15562
1.95963
12.9951
1.28172
8.28355
0.523951
2.17568
4.53447
0.451863
6.22885
3.46349
1.16024
2.84805
2.26208
7.40821
5.08902
0.677508
1.15505
10.0854
5.15041
7.93635
4.19647
8.94394
3.38158
2.11169
1.80075
0.435619
0.374126
1.19404
0.80274
0.319142
1.62498
0.164967
2.9219
7.12071
5.5215
5.24109
0.554702
2.17329
1.41526
1.01582
0.40921
7.14438
6.19468
0.192723
8.62509
5.00303
1.11128
0.390269
2.35802
1.97786
11.7153
1.16584
4.04655
0.427468
15.0504
0.168254
0.241963
2.72711
6.605
2.0423
6.00508
1.4839
1.57201
0.480214
8.64183
6.0216
0.89641
6.03882
1.51764
2.00928
2.3408
6.08265
0.398387
4.49666
3.24004
0.882277
0.373493
0.214404
0.111519
0.754468
2.06421
0.108574
9.72539
14.2292
4.80816
0.70063
0.473394
0.938899
0.910119
6.75161
1.0849
0.298889
1.67627
6.18324
1.18925
0.615137
9.31527
4.44505
4.36675
1.96634
24.2122
0.718984
10.5628
1.73493
23.1601
2.68828
13.2832
1.29497
2.97462
2.54125
0.741767
2.75444
0.395353
4.07003
2.1925
9.63696
5.03569
9.71491
0.942422
0.505272
0.443106
5.92904
1.51273
0.419193
0.825129
3.75826
0.293727
1.88235
6.44734
15.2783
1.36704
3.07024
1.77095
7.05971
5.18013
0.902935
7.03114
2.98485
3.85229
0.526101
0.569854
14.2126
7.16648
3.04135
0.335335
4.38888
0.498753
19.9514
1.9396
0.664328
0.202164
0.456181
9.754
1.30601
3.64599
3.78963
2.96166
0.898617
5.75613
0.208928
4.67535
1.30172
0.199607
1.14086
2.40698
0.576705
12.6728
1.29015
4.40067
1.09598
9.9407
0.194111
2.90524
1.1079
0.423279
0.241067
8.17049
1.18068
4.35866
1.37582
0.512498
1.36795
0.599114
11.2834
10.303
1.51459
13.2013
0.709177
2.66527
0.683825
3.34936
0.81075
0.41694
4.25638
0.490252
0.379759
10.9456
0.255878
4.13309
0.118362
2.32906
0.390543
24.8251
0.429063
0.273062
3.60694
1.93965
0.490392
6.56302
8.19512
0.158546
0.118088
5.96058
11.1043
11.7548
0.480671
0.19321
1.23734
14.7607
6.13014
0.882793
0.26873
0.861745
1.05443
0.997836
1.26192
0.303672
3.64189
7.07778
4.67023
4.24767
3.63921
3.66724
3.33141
11.8955
1.7436
2.90368
0.489658
0.453483
3.96783
10.2881
0.513939
14.897
0.198002
26.5588
1.09604
5.21397
2.56532
6.23573
1.40706
18.3608
0.684897
3.86352
2.51203
5.55518
1.8707
0.226415
0.253575
2.25449
14.4391
2.47449
0.168957
5.82757
8.34807
0.56113
0.219381
3.37925
1.63208
1.78445
0.428389
0.819749
1.32948
1.71145
0.343855
9.96534
0.148651
17.9198
2.17031
9.54294
0.29126
5.00242
3.51892
2.8937
3.44173
0.563506
0.484259
0.684641
8.71906
1.67118
0.161872
1.42962
1.856
3.4803
24.9426
1.06855
0.609748
10.3438
0.899671
4.03672
0.162654
0.918951
0.192391
0.673812
1.17869
1.40608
2.28683
11.0284
6.14523
3.80095
0.505957
2.49589
2.81435
0.333545
1.15047
0.935571
0.405142
8.60974
0.397833
4.49713
8.11517
4.04103
0.452971
0.492775
2.15197
11.4458
1.79271
2.69862
2.07006
0.521342
4.71278
2.99302
1.53465
1.58225
20.6188
0.590527
7.90309
2.36799
1.50024
7.22789
3.03376
0.572073
2.0401
6.08317
0.120992
12.6846
2.19324
6.58961
0.124662
3.91646
11.3594
2.45817
0.992682
0.382742
8.94343
2.11356
1.48375
5.86956
14.5936
8.6439
0.780753
0.699143
5.25336
0.349227
0.906896
1.02765
0.954144
0.190836
2.14912
10.7448
3.15904
2.77713
0.886366
4.23937
3.47047
0.458846
4.6143
2.98706
7.46337
0.899978
7.32226
0.126506
1.02155
1.12743
3.09856
5.91813
0.588081
0.886919
0.778881
1.72063
0.455012
0.96494
6.50072
0.607897
0.449755
8.9663
1.10204
0.732399
3.58279
3.12069
3.06889
1.06288
0.953165
0.991108
1.18018
0.479696
2.55655
0.160121
2.06824
1.13537
1.05773
11.09
0.692361
5.76226
1.33341
2.0667
2.69094
0.726515
4.63762
0.953208
8.00883
1.28993
0.414764
9.19752
0.478239
4.27011
11.637
1.30787
8.24721
0.420116
9.07426
5.47866
0.22153
0.169217
2.4872
0.99155
2.76126
5.07121
8.16123
2.63
6.28898
0.57244
1.50906
4.44539
0.418487
2.23223
0.392897
1.80415
1.29875
5.97933
0.967126
0.860672
0.765743
2.14193
8.64243
0.602687
2.88463
4.18146
2.17747
1.13791
2.15921
0.816361
15.7409
12.4458
2.23023
2.08866
6.69416
3.08857
1.42575
0.250268
0.171628
1.4704
4.2665
1.49674
3.42269
0.250955
6.50553
2.25673
0.710483
0.305003
0.934318
6.11512
4.5177
10.9001
1.36233
0.421724
1.42743
0.672045
0.682886
5.48966
9.69505
0.119265
2.27232
0.504927
10.9979
1.28406
0.954066
0.279863
4.42132
1.13145
0.51555
0.500068
4.6902
2.20068
9.29933
3.01094
3.44294
2.01189
1.98841
2.9653
0.119793
0.645945
3.81506
0.274551
2.91296
0.220499
1.04081
1.46063
6.35451
1.03985
0.251736
0.558732
0.901491
3.04656
4.58247
6.50235
0.949082
0.187827
2.06952
3.13234
0.100759
1.30613
3.34731
14.2995
5.08629
2.94591
4.12363
2.72078
8.17299
7.55843
4.66091
0.340371
0.165228
2.62935
2.32049
1.03381
15.3237
0.202181
2.79748
4.54484
2.44759
2.56263
0.185549
0.886135
0.244812
0.177022
0.672126
3.65477
1.46389
0.210016
1.99204
0.206767
2.10206
1.98818
5.61844
0.728194
3.64928
0.492073
1.38902
6.52739
12.7186
8.46496
1.39707
13.337
0.38151
5.45063
0.244884
1.77001
2.04952
0.640141
10.554
10.2548
1.32861
0.564819
6.20188
1.87447
12.0644
0.198603
0.317234
0.436734
0.978182
3.154
4.58801
2.45284
1.05872
10.3737
1.66147
1.11151
0.824608
16.9863
9.29649
1.1561
2.56879
1.12215
0.277695
0.39397
9.46077
0.22926
7.872
2.54421
1.97382
3.36072
16.9464
2.24348
5.08337
0.223407
3.52633
5.67769
3.23851
1.27964
3.65292
0.247524
0.518956
2.96521
4.82991
5.89216
7.42323
6.99084
0.448934
0.895074
3.5261
3.51871
4.86924
6.95707
4.45021
13.7078
1.63818
5.34881
0.615611
4.90273
1.49901
3.41448
1.60554
2.63662
1.39504
3.01628
3.07879
1.95455
23.0045
4.01148
1.00757
0.489514
0.628198
0.565747
0.198063
0.566836
0.676353
5.99952
2.44316
0.375018
1.10976
1.82856
0.509628
4.65824
2.20036
2.25881
1.37436
3.35911
4.35371
0.506094
5.45744
0.6921
17.0806
0.140023
1.6994
10.6455
21.8381
3.78017
7.98202
1.62333
3.73095
0.648196
0.172528
5.42739
0.171727
0.322328
1.23989
5.69803
6.4242
0.118792
4.69902
0.237073
2.34959
7.92335
0.727177
0.246286
1.55458
0.527197
0.258344
2.1005
4.34734
0.354607
9.09964
3.16162
3.29792
3.47783
10.1971
17.8534
3.00819
0.322842
1.36766
1.17778
7.69922
1.75195
0.137191
4.5262
1.64112
8.31267
1.91748
1.33459
3.31425
0.845059
0.115423
0.202845
1.43865
2.26225
0.897893
2.41799
11.6524
12.6786
0.767777
0.936761
13.1336
1.24173
0.725938
0.970123
0.199379
2.37041
7.06597
0.739766
0.163565
7.19308
0.720105
0.149988
3.02346
0.34307
1.0554
7.84922
12.0843
0.18655
4.26223
2.85232
1.23456
3.77064
21.073
4.76783
6.57628
1.84015
1.34709
2.85828
1.65507
13.8091
18.2709
4.40441
11.3944
1.07095
0.945384
1.72194
2.558
1.44339
2.24268
2.62761
6.54112
4.72388
3.30738
0.149292
2.95127
0.218804
31.3701
1.05112
13.4632
4.74167
1.38526
0.254262
0.405199
0.666292
15.3373
2.08862
1.32461
2.82797
7.0443
0.261029
1.08604
0.162056
0.455351
2.701
0.821983
0.403686
2.24157
0.20263
1.02038
4.97555
3.83354
1.20998
0.895752
0.853907
2.92652
12.161
15.9367
2.84326
5.47317
1.02175
2.77361
3.95902
1.76502
0.540291
3.39707
1.19196
1.93932
1.7421
1.96719
4.2413
1.82406
2.1639
2.24926
0.195839
1.90311
0.778439
6.13769
1.75404
1.79955
4.60346
3.68757
2.25418
2.28744
0.3274
2.38497
3.47807
0.418018
8.38073
0.829919
0.207205
0.473956
0.878063
12.7424
1.14249
5.65981
4.5296
2.45177
1.51842
0.68509
12.0402
4.329
2.26662
1.55303
2.5327
1.58957
4.97441
5.24401
1.15399
11.1242
0.847966
0.574557
0.469417
1.68465
1.3803
0.676921
1.66441
1.47783
1.24538
0.412922
2.06144
5.12961
0.226257
0.828096
1.2179
1.7642
0.299119
5.47604
2.88838
3.52402
1.52778
5.5988
13.1394
8.02545
0.108387
1.48717
0.173823
0.604593
1.70024
3.70443
0.631251
0.846504
0.721522
0.643931
4.31999
3.25723
0.522522
2.0825
0.186035
3.63777
2.30316
2.72027
0.765536
1.83394
0.574854
1.18561
1.9467
1.82478
3.04948
4.99886
0.493974
0.785162
5.05623
0.509469
2.71963
0.104344
0.925475
10.3242
2.06435
4.69877
1.46062
6.88014
15.9713
2.7172
0.411543
3.41853
0.511172
1.10535
3.82021
1.85928
0.165391
0.265268
6.18698
0.62194
6.47667
1.87782
0.870132
6.06308
12.6239
2.38836
0.124425
0.501205
1.01219
3.02093
2.3808
2.30533
1.41449
1.30148
0.125667
0.156056
2.42929
0.49424
6.10461
1.23172
8.90592
4.57364
1.83454
1.30939
0.182804
1.07869
2.05134
9.90598
7.17862
2.32189
11.0185
3.21546
0.978347
4.7532
6.99579
2.16454
3.55236
23.7104
2.64045
3.08623
14.2516
3.16021
1.51106
3.52155
1.14188
8.97723
2.65887
6.5365
0.522918
23.6914
2.59612
11.8712
2.37509
7.91277
1.78309
0.705133
7.98628
0.823833
0.282948
0.459791
9.53603
1.17123
4.05878
2.90521
0.266605
2.80593
5.54319
3.2347
6.72078
9.11302
1.81464
7.07943
1.44934
4.81705
0.919801
4.46588
0.310802
5.95028
1.92654
1.3665
6.98905
0.606242
0.17869
0.163204
1.69511
2.9319
7.94451
9.38676
0.506524
6.35565
18.2774
7.76372
4.41747
0.20124
5.14705
1.35104
0.345969
0.508685
13.3043
3.24804
0.769519
2.91412
0.174181
1.8281
0.986049
0.692266
2.71614
2.0789
0.194386
0.501883
5.25703
4.57729
2.43128
3.77798
0.228048
0.253825
6.06052
0.110189
8.57892
5.79406
6.74189
2.17168
7.5746
1.12581
2.04303
4.72777
0.277191
1.66239
3.56382
16.567
0.830623
0.477384
1.15796
5.37305
6.76428
6.94184
3.04915
1.87303
12.6334
10.1621
3.33037
1.83276
0.856424
1.8534
4.04642
9.45458
0.207043
1.36154
4.27252
0.221493
0.540454
1.11564
2.92527
2.71158
0.362617
0.418243
0.219967
0.221687
1.16766
2.07894
2.6159
7.18543
18.2647
0.122557
1.38084
10.9819
5.88336
1.00054
6.96533
12.1046
0.953341
0.806531
0.109039
4.65975
10.4078
0.78022
4.73161
16.1884
11.1798
0.1995
20.9432
3.35695
2.13877
0.115367
0.49159
0.214177
0.118812
0.912739
0.511019
1.46472
1.23598
1.108
0.117741
0.996062
0.357567
10.8323
0.527688
3.62059
2.70273
1.97747
1.6739
0.727798
3.96484
0.624978
1.98541
7.65532
11.6885
20.6108
0.968394
0.250392
3.71221
0.548857
0.769092
3.59045
3.58395
5.4393
0.134889
6.00139
7.10286
0.524284
16.3605
7.38123
0.194776
2.65453
0.300511
5.36124
3.43565
2.02668
16.6054
2.494
0.853682
6.9061
1.09721
3.03856
2.04423
1.94521
0.67631
0.203146
6.56484
0.105883
8.97365
2.86513
0.457202
3.55713
5.3498
0.116737
2.3085
2.24519
1.95525
4.79751
5.72024
0.102011
2.6712
3.93434
12.7705
0.471155
1.20084
2.86905
1.51965
10.8548
1.31489
4.06497
10.2678
0.252473
7.22761
2.42416
9.63499
1.38167
0.55577
1.2502
3.99972
7.79973
0.629039
5.37316
1.21566
1.11455
2.45007
0.150551
4.14472
5.95353
1.8849
0.738107
0.941457
0.109298
5.43691
0.859917
2.01768
0.886358
2.15152
0.191076
0.575916
11.5494
0.822034
1.16153
4.95683
21.7411
0.689695
6.15887
2.14392
4.58277
0.40455
7.16426
1.24104
6.53124
0.140128
1.92367
0.586809
1.83493
2.53832
1.49952
3.10997
2.43598
0.239556
0.260779
1.14019
0.143776
1.66346
11.6108
13.0655
3.30879
10.7136
5.60026
3.02227
6.61092
7.13428
0.516548
3.13538
0.315154
0.170303
1.56582
0.611402
7.58398
0.356826
1.55377
3.8403
0.43026
7.2471
0.150688
6.38777
0.599424
0.653587
21.0263
0.650166
0.431446
2.1278
2.78135
1.02354
5.24434
1.49166
9.12724
4.56354
0.715196
1.79474
2.27075
0.227803
3.5665
3.04149
6.1384
1.47204
0.846804
12.7054
3.77163
0.717294
2.53075
0.933341
1.20835
3.86196
0.725046
0.598887
4.57654
1.03538
0.531087
4.39957
3.1996
5.9788
5.70145
1.47967
2.4758
5.78074
0.423161
3.03475
5.64233
0.577908
0.661503
0.28259
0.380368
1.63206
0.975387
5.79989
0.818606
2.53265
0.822121
5.26747
1.19312
0.26983
9.21085
0.383994
0.867686
6.02217
0.24361
0.652621
0.133572
10.6204
10.0293
4.43629
0.295618
0.337126
0.439612
0.224507
0.415768
1.5017
1.13148
3.44744
0.619171
1.24126
0.105996
0.486778
9.80146
0.130462
0.556106
2.06553
3.11702
5.60362
5.11064
0.425456
0.846562
1.14516
0.426431
8.86679
0.497248
4.01651
3.56657
0.578022
0.783204
5.70452
3.91453
1.60957
2.46064
0.310119
4.64696
4.95907
0.554977
10.7693
2.04589
2.65816
2.19461
0.988478
5.65431
12.6171
12.7176
3.76206
0.788693
0.164579
9.30777
0.310266
0.190935
0.392246
2.16225
1.95385
5.22251
0.379632
1.62738
0.466588
3.83152
14.2975
11.9894
1.97046
5.91608
1.27311
1.60341
0.925011
2.3539
1.2865
0.436385
1.47079
3.63606
5.87199
2.74054
3.78356
9.80869
0.658128
0.252545
0.2029
0.556332
1.00673
3.21493
1.59469
12.5
1.58391
1.49983
1.20779
6.73497
2.81304
4.90261
0.897202
16.5797
0.136642
0.493175
1.33376
8.11928
2.25045
0.730451
5.9101
1.55419
1.76035
6.21956
2.26126
12.3605
2.15106
0.215763
11.1134
5.67964
0.379873
2.701
0.4711
0.534001
7.45994
4.7903
16.1524
1.9271
2.74311
0.72592
1.77682
2.46115
2.44091
2.30518
0.922175
1.06862
0.225122
4.43833
0.354609
0.787227
4.6795
1.24506
16.5092
0.847177
4.7569
3.83825
4.94918
4.06406
4.18178
3.36819
4.40761
2.94919
2.65185
1.19506
2.27072
3.73703
0.768803
2.4251
1.62354
5.39488
0.17443
1.66217
2.40019
0.437625
6.05403
3.93915
1.81762
3.55156
3.27191
4.50279
2.79734
0.808123
0.12754
7.61796
2.64264
2.98415
1.26385
0.310616
1.8431
2.63726
1.26994
14.791
9.75299
9.89509
0.36343
0.271156
2.03325
0.323055
0.530188
0.567454
1.25643
0.421809
6.27532
4.09783
1.47362
1.24546
0.592204
0.549086
0.300458
2.18898
7.44794
3.78796
2.20818
0.332685
3.67353
2.27365
0.708647
1.27488
0.542557
12.354
1.91777
2.11003
1.42305
2.57206
2.27817
1.54242
1.47514
5.01595
6.25488
2.33754
0.94728
1.12707
1.34223
14.9906
3.5873
0.785669
0.292738
6.34761
3.79377
0.647816
10.7724
1.65527
1.1927
5.71505
1.12396
0.802092
0.639345
1.65381
1.89997
5.89219
3.23718
2.07758
0.339988
7.3139
3.08848
11.3213
8.92451
0.388322
3.80664
2.23564
1.311
2.18569
3.77128
0.176581
9.8275
1.2745
1.82713
1.96795
1.97503
0.742364
0.946563
1.91929
0.167937
0.505145
1.48381
0.135611
1.85881
2.37706
4.45377
0.20748
0.482043
4.3757
2.48718
1.47959
0.188807
3.26322
0.553554
2.0997
7.27443
17.7892
1.10175
4.12146
2.6247
1.65153
0.700936
0.421215
2.65366
9.42734
3.04989
0.799732
3.18665
1.19566
6.18077
2.29946
34.7851
4.74118
2.64413
1.68419
0.269988
3.6994
3.04449
0.195972
6.93898
1.32992
0.189233
5.13505
0.84463
2.08376
1.87391
0.101712
0.282269
1.82055
8.15815
4.13996
0.11028
1.07962
18.4088
0.288505
1.4204
0.308561
0.235913
0.166877
0.368539
3.62717
2.73803
0.482469
0.844292
2.62356
1.47214
0.147818
3.01445
1.84127
20.4458
9.9376
3.79292
4.28156
0.69293
1.64007
2.87453
1.56704
3.96695
8.5175
1.64275
2.07992
0.713403
0.764044
0.210296
0.587666
0.503092
0.744458
1.31531
0.846775
0.610182
0.973926
2.12284
2.47062
0.132985
0.262133
1.9618
1.31619
1.57212
0.311161
5.05694
16.9147
3.86444
8.56713
2.68743
0.737249
0.602208
0.198023
5.19658
7.51875
0.786552
19.0394
4.26166
6.30263
3.15591
0.960704
0.172343
1.38236
1.66651
2.83782
2.63797
2.13521
5.5616
0.100381
0.197755
4.21298
3.43136
6.89079
4.12877
0.330809
4.83486
7.03562
0.842828
12.9973
0.590358
8.01983
0.122529
1.89694
6.16222
3.3912
7.77353
0.898734
1.23555
4.3047
0.829458
8.01225
4.49287
2.88269
0.424188
0.681353
1.75858
1.36875
2.08438
3.45346
0.156
1.48936
0.510443
6.87829
0.582004
0.312698
8.33737
1.83777
4.24175
4.60332
1.4061
1.10552
2.05302
0.670121
9.40013
2.95568
0.39674
11.7372
1.10061
1.5028
2.01177
1.2956
0.376877
11.7137
0.682957
3.66205
0.43449
0.906685
7.05993
1.26853
0.402596
4.13768
6.5823
7.8717
20.1944
0.124841
4.56573
5.85618
0.610832
0.592743
0.401718
7.84386
0.163739
1.40081
0.251159
2.73063
2.83392
0.435321
12.9641
5.86579
3.09877
11.5131
1.29053
1.59223
1.49875
6.1908
0.260111
1.15827
0.277889
2.22896
0.887738
0.660752
1.21314
4.09902
0.775856
0.259945
0.523995
10.3212
6.699
0.716994
3.53201
0.900945
0.725967
3.38903
1.87618
0.878082
1.48173
5.39866
0.318732
1.2986
2.93268
12.1114
2.06523
0.159856
23.8943
3.64033
3.05717
7.54328
0.942514
2.23808
3.7799
0.853182
0.30231
13.1566
0.45573
3.33839
2.55524
1.59715
0.601144
0.439183
3.97377
1.55618
0.100617
6.53762
2.23135
0.576886
1.61401
1.91136
1.83586
0.328296
11.2325
5.94879
2.07001
1.78417
0.706814
1.10892
3.52982
4.69956
0.348726
3.38436
0.911251
11.4844
0.168704
1.43035
0.264933
0.562957
0.434262
6.9409
0.744664
0.541233
2.89708
0.227623
0.510911
0.366163
0.688968
0.454882
1.61315
0.282611
3.25192
24.4576
0.113302
0.131566
1.08358
1.99439
5.24653
7.14493
0.353294
6.7312
1.78969
0.643185
2.58169
16.2668
1.00124
1.03573
15.0312
7.16648
12.4241
1.8465
3.56123
2.99854
3.18373
4.09874
0.139331
0.210515
1.59163
2.66993
5.83903
0.537483
0.709534
2.50498
2.54175
0.197548
0.723809
3.46968
5.79953
0.206632
0.322846
0.432001
1.59637
0.105637
10.1594
7.26591
1.38284
0.268649
5.66056
1.24974
0.788778
2.51603
0.503377
13.6256
0.635928
20.7601
0.65899
2.80957
0.744036
0.204177
0.520309
5.16778
10.1829
1.58425
1.18514
0.117012
0.331202
1.22644
9.48605
0.143679
2.37196
19.0612
2.30171
0.49759
4.49603
0.124021
17.7932
1.29535
0.804354
2.20434
0.881707
1.30441
4.19632
0.937943
0.132079
3.25578
0.478657
0.739825
1.88907
0.357762
6.12764
5.13568
0.25916
9.60474
2.94228
3.35024
1.54423
2.73897
14.0387
0.8481
4.7849
0.546759
1.21511
2.73851
0.87758
11.8297
1.00038
1.1593
1.80721
8.55461
0.294093
0.542794
0.404807
6.03622
3.76015
0.731859
0.312254
0.49663
15.2361
2.38641
0.14103
3.24505
6.4195
2.31184
0.655849
0.837804
0.179396
4.47937
3.00766
0.732914
0.261877
1.93265
2.57966
0.432761
0.156772
2.6409
0.841481
0.652805
2.9071
2.59512
0.213999
8.44043
1.33915
2.0269
0.723904
7.73261
5.19484
2.89237
8.28732
0.18572
1.98035
5.11235
0.331696
0.148791
2.50749
6.51118
0.52464
2.7441
4.84523
1.03436
2.9573
2.78046
1.52136
0.339866
7.36039
1.24659
1.06812
6.33795
3.94767
5.36991
0.100521
0.284886
3.24874
11.6879
0.651824
4.12222
2.0428
2.38975
14.5531
0.277893
18.0168
0.555843
6.40712
0.335534
0.497911
0.102214
0.949184
0.499092
1.03287
0.105178
2.86518
9.47469
6.39431
5.81868
3.36933
0.893361
0.136525
8.91346
0.785828
0.532004
0.167691
1.88914
0.926184
2.75298
3.17136
5.03441
1.17674
2.04377
1.59209
3.84663
1.60007
3.75004
0.409306
2.00353
0.309168
1.78665
0.776898
23.4224
6.25964
6.90923
1.76631
0.8084
1.83185
1.9183
14.1137
1.62502
7.21163
1.67026
0.919889
4.30048
9.21159
14.8106
4.59962
2.11254
4.74287
7.45908
3.86267
0.592549
0.119143
5.29441
0.245848
7.8954
1.34674
0.956454
7.17638
27.3226
12.8613
3.14044
3.03798
3.13218
0.367329
2.2242
3.17529
0.135336
0.355985
3.97578
10.0107
0.20098
4.3177
0.622265
0.568001
0.592492
1.98675
0.389877
6.21028
4.27664
1.65041
2.67231
4.73305
3.9287
0.977721
0.920613
0.525852
0.260594
0.435045
3.0033
0.529298
11.9002
7.43163
7.00092
1.33798
0.238512
0.933101
2.11616
7.86492
0.830748
0.352148
0.410024
3.08206
0.733026
1.09517
0.627559
3.36763
0.140743
0.934506
2.58345
0.221724
7.21166
5.53965
4.87916
3.63727
27.1325
7.6911
7.82549
10.5118
3.49953
2.57376
1.97206
1.31413
11.5836
2.94132
3.68701
1.52893
0.275631
14.9419
0.464847
2.09025
1.03223
2.4227
3.74825
1.5059
4.18833
8.32777
8.77829
3.70746
3.41203
0.281541
0.161207
3.60356
1.61554
1.24924
0.898613
5.69784
0.688878
0.465527
1.472
17.2482
1.91436
1.6469
6.68545
2.10473
20.5293
4.80923
3.10861
1.40831
4.52396
1.25475
2.89024
1.02168
0.457276
2.41023
1.3655
2.58449
3.32769
1.26501
2.66287
2.21882
2.46155
0.90106
2.6293
0.686209
6.82879
0.503083
4.41323
0.884124
2.25997
2.26339
4.56393
2.22849
0.389648
1.98618
0.435691
0.23181
2.87313
5.3627
2.4324
1.27725
3.04822
6.72864
2.22529
4.55734
0.44481
0.202303
2.0986
0.453124
0.672017
11.3657
3.14267
2.60263
0.386763
1.48017
0.576679
2.35774
1.91581
1.05515
0.539563
1.77013
12.5405
6.36457
0.881002
0.169865
0.242497
0.260597
1.70148
1.37855
3.42041
0.412569
1.23905
6.25846
0.272538
3.23169
0.780935
6.79763
1.16445
0.769505
4.8584
8.32976
0.286623
0.21765
10.8
0.525963
0.304562
2.85243
0.903455
0.303964
1.64899
0.109772
1.21045
10.657
4.55572
0.161081
0.176482
1.32128
0.678655
1.6288
0.288667
0.442293
0.622268
15.2642
1.81546
4.50704
0.241147
1.68238
0.675324
5.58551
6.25693
0.785207
0.22404
9.53427
43.0911
0.367865
0.600962
5.5651
7.44914
14.7482
17.3762
2.6621
0.788525
2.91864
10.9419
2.46382
6.50066
2.76152
1.37878
6.07265
1.40937
0.434079
25.1928
5.2763
7.4184
4.31119
6.86911
2.20191
0.299916
0.217601
1.0652
0.173916
0.719017
10.9551
1.14317
1.04
5.82095
6.00028
13.1572
0.615118
2.66827
2.97316
0.418928
9.84936
0.87453
0.711611
3.40741
13.0524
5.36599
1.83111
7.83491
2.73373
2.60249
0.267337
4.97872
5.29554
4.02004
2.7921
1.20185
0.223442
2.42031
0.788342
1.0603
5.06851
8.89507
0.37641
0.255138
5.82607
1.25732
1.46366
0.176092
5.51014
4.40424
1.88782
31.8741
0.122577
0.545709
4.92698
0.41671
0.1401
0.22283
14.0494
3.397
0.334246
14.2813
1.56625
2.2791
0.350235
2.11801
4.20738
2.49854
0.439812
1.84624
4.81445
3.76643
3.88216
9.11702
0.213448
0.136347
5.79306
0.472751
0.228954
1.33095
2.50797
10.2617
10.5478
7.95744
4.46509
10.3515
8.63813
1.06929
7.05148
9.60997
2.42045
8.67724
1.6495
5.55877
0.388775
0.132358
18.9745
0.103653
1.95635
0.652261
0.671497
1.37713
9.49903
3.62215
1.18152
2.41726
0.340893
0.566345
1.75455
7.32065
7.17564
1.36071
2.52384
0.258803
17.9191
0.842828
10.6305
6.94264
24.4797
1.92946
0.22392
1.22457
3.17692
5.85131
16.6105
0.208931
10.0275
0.206104
0.962016
0.485406
1.00936
1.13773
4.70708
0.13248
3.69482
0.717536
10.7599
9.87953
0.332261
3.49952
0.357404
0.145807
0.372758
3.2821
15.209
3.51779
0.46958
0.935393
0.202007
4.60634
4.51933
1.01968
2.51564
1.31779
6.31318
0.231692
5.85125
1.63934
5.24535
0.988973
1.01371
3.78165
1.71477
0.424844
0.761276
0.176584
0.151553
0.248346
5.51996
7.05168
2.4469
1.55118
3.47422
0.942256
1.40184
3.93133
3.82131
2.9569
0.657514
0.143894
0.847575
1.01129
2.11239
2.89899
1.26502
1.14196
1.02627
1.67334
0.583948
0.100325
0.572492
4.66312
7.10779
1.60946
0.714555
0.332007
0.199293
2.0607
0.807653
2.19497
0.494883
0.688234
0.118528
3.00262
0.468347
1.39904
3.00579
3.77534
1.25196
2.92157
5.83666
2.51709
7.10434
0.870679
12.9643
1.99028
2.65774
0.801492
0.158636
0.692511
1.87275
2.29863
0.830126
1.79173
2.17705
2.94496
0.100044
0.714696
0.149271
2.83289
21.6472
15.2638
4.03762
0.386774
2.51115
8.31276
0.55613
0.195426
1.17174
7.64083
0.89743
1.65859
2.53463
1.80638
2.83192
0.651628
3.48427
5.66759
1.11979
6.64104
1.06382
1.06235
3.01525
3.52714
6.10911
0.299357
1.85115
1.73694
1.21894
0.311067
1.63489
0.210453
0.344611
1.83169
0.185245
1.45179
1.85927
0.55731
6.0025
0.311442
5.89354
2.11471
0.698962
0.954706
1.41555
0.336049
5.15088
0.366558
6.10755
1.85173
0.345482
7.26349
0.727493
6.3309
12.6589
2.29712
0.396122
0.677103
5.33027
3.74028
3.07972
0.667496
15.8939
0.148885
1.8019
20.6186
1.33103
1.97032
4.46364
0.299941
5.40732
3.69329
0.313111
0.322118
2.40737
3.8385
5.24664
0.808458
0.283177
6.19498
1.56979
0.828826
2.71231
1.7896
2.65719
2.89536
1.91516
10.2997
8.02744
7.77192
5.9297
3.5427
5.76021
7.72701
7.13656
0.57678
0.389289
0.983888
2.51641
2.56089
0.942915
0.306093
6.9009
0.427001
2.4135
1.2099
2.4865
1.99849
0.440929
5.12597
0.26956
0.799284
2.36021
1.95278
4.82193
1.98236
4.44309
2.24078
0.819688
5.23731
7.47831
0.439317
9.29247
2.90327
27.9981
7.72798
4.58605
0.125065
1.62288
1.59596
2.27587
1.05356
0.105468
0.705159
17.4334
1.62006
1.63412
11.8783
10.9277
1.23448
4.05409
5.9366
1.69237
0.71747
8.34262
2.99114
13.9546
1.50715
2.45763
0.753828
0.544195
1.82809
3.08102
1.97374
0.229977
0.406023
2.15354
1.57119
6.09448
0.472136
0.996281
1.90429
1.9403
4.56699
1.10591
1.77153
1.91041
2.61928
4.83736
0.627718
5.48804
0.970844
6.3521
0.372014
2.27579
15.6012
2.88011
1.29625
0.918577
1.59247
1.23807
6.11343
1.58636
0.295943
1.68618
0.959622
2.86713
1.25937
0.157978
12.3431
1.00644
5.67221
7.69866
2.37051
0.19204
0.800317
1.51532
1.52868
1.17206
0.867952
0.215483
0.641264
0.242094
1.91527
26.3688
19.0925
3.93898
0.210212
1.14386
0.865786
3.404
3.87095
1.67094
6.98726
0.397089
0.838952
6.7081
2.09685
6.28702
9.32377
1.8522
2.40837
0.256742
6.82097
29.5789
1.09169
1.81188
1.42484
8.98373
2.33726
13.5154
0.471081
0.25039
3.49391
1.3058
0.734776
0.34289
2.98216
2.56416
2.6224
0.220592
9.78293
3.72202
0.792036
1.31872
0.65717
1.32974
2.93469
1.72529
1.0209
0.362764
6.37462
0.163487
5.63819
1.22771
1.33539
0.910915
0.854188
1.64276
4.83296
1.10266
0.120161
4.27837
9.01986
1.68422
1.02577
0.396728
0.266728
0.96921
3.63554
6.72288
0.626709
3.37251
2.85156
1.57331
27.0526
0.706664
2.4668
4.47861
3.29613
4.42358
0.448823
9.59774
0.739268
0.187946
0.388009
2.42775
0.28369
1.21496
13.2904
0.506167
0.767944
9.63902
0.491733
0.589045
4.09494
4.267
0.774671
3.96929
2.42967
5.86596
8.42727
0.35052
3.65525
4.72828
4.17445
0.687111
0.432444
2.16871
1.83384
0.134664
7.83871
5.10093
2.20779
0.343718
1.96486
5.59634
2.62154
4.21378
2.51684
4.11678
0.586605
3.19047
0.970244
0.106141
10.561
0.570265
0.937166
9.51761
0.540697
9.2283
0.660391
2.26085
2.13283
2.16015
1.61978
0.249563
8.71888
3.39538
3.86275
4.20301
5.32191
2.74679
0.140896
0.421871
1.088
3.07645
6.17322
0.677668
9.6057
1.80613
0.827527
11.8205
0.134225
2.79166
2.48293
0.427916
4.46117
7.08869
6.119
5.68713
7.40775
1.06067
11.3219
0.967093
0.718183
0.660991
0.775394
0.207601
2.93006
5.44917
3.05451
9.03138
2.28613
6.28105
5.90885
7.42731
1.48901
0.120115
1.99005
4.9234
1.94435
0.128204
4.30785
1.70822
5.0915
2.53955
1.57214
0.208336
1.30399
5.33931
1.21193
2.2552
0.322063
6.52581
1.25765
0.768562
0.103676
5.99043
0.318573
0.263715
0.41062
0.450603
1.55094
3.78882
0.306316
1.23332
1.53197
6.16108
0.177756
0.449933
0.653686
0.115099
2.96755
10.0775
4.24335
0.700008
0.180212
3.43012
1.86243
1.18579
2.29655
5.77758
10.9031
0.757751
5.27946
1.74235
8.96056
1.62679
3.0438
6.82236
4.34813
6.27444
6.43146
2.28577
9.63162
3.26226
0.109875
0.574458
2.05157
0.540424
3.8879
5.81695
4.93528
4.64256
2.89277
0.658425
2.27935
0.287935
2.2119
0.122909
1.52637
11.0105
0.655624
0.208524
1.29027
0.127992
9.73226
0.417752
6.79752
0.204086
3.47702
7.88669
0.332554
1.06391
9.8458
1.94899
1.46904
2.41185
3.8062
1.40932
3.64036
4.9536
18.5113
2.31476
0.253084
1.716
10.146
0.252571
0.938971
0.551987
4.58062
1.42312
1.62453
2.01968
0.11355
7.68104
2.3682
1.82236
4.7448
0.697582
6.52253
7.32334
0.126379
0.630688
0.429427
2.49485
0.56095
3.11412
1.72022
18.1836
5.08287
0.923048
3.48275
3.74752
3.25701
0.28872
16.4548
1.87934
2.2577
1.80657
4.82382
0.439164
2.32646
3.86469
3.63751
1.96418
0.91171
20.0068
3.16155
2.84531
4.97693
6.0723
1.15137
2.37766
0.765209
1.95051
4.68929
0.674761
2.30936
2.78388
3.96526
1.58002
11.096
3.67354
0.866257
4.03384
0.436682
3.14853
4.26866
19.3705
11.9115
3.55475
1.32735
1.51841
8.54502
12.1125
2.40493
2.41914
11.6355
0.927801
1.93422
2.01237
1.98505
1.57227
0.503168
0.681512
4.10276
1.97062
2.07186
4.82622
10.5208
0.429562
0.595744
2.47682
0.295699
1.12194
2.65908
1.46189
2.30711
1.45685
0.758002
1.7719
1.38867
0.10239
0.163152
1.76005
4.20757
1.85577
1.04821
0.207582
0.373937
10.1221
15.0095
0.20939
0.455341
3.07491
1.41309
3.87292
0.489837
0.19391
10.902
3.15068
2.24904
5.27693
1.80595
2.52543
18.7153
0.190203
0.466831
0.647543
0.925728
0.788365
0.168622
0.512921
2.35039
4.31025
4.32538
3.75602
5.52403
1.67255
1.75136
4.54257
0.645862
1.33085
1.88485
0.399446
24.5916
1.78799
1.51046
0.310146
4.08172
1.2142
1.14707
2.16922
8.18952
17.1313
0.348529
0.365398
0.999504
3.52859
2.94213
0.45277
3.57388
7.81873
7.94742
3.0043
0.27376
0.201756
0.491651
0.5754
1.90573
0.335014
2.06186
0.631677
5.42646
0.158929
3.95008
0.998813
0.646711
1.01517
3.75165
1.77511
0.974743
0.127515
1.31622
0.147318
0.471868
0.115224
19.6177
9.52442
0.935579
7.11319
5.26397
2.28711
3.26617
1.64185
0.116032
6.09853
6.41028
1.3827
0.307473
8.35813
1.64106
0.578845
2.07161
2.2058
0.510404
0.37051
1.1738
7.8565
0.298642
5.42966
3.61591
0.346275
1.65009
4.04993
1.62655
2.14109
6.13379
1.01293
0.147344
1.04367
5.73343
8.62184
6.35245
0.136013
0.243505
0.213698
1.78019
1.64785
10.6253
6.94333
1.69432
1.72715
3.0694
7.1486
6.49289
13.9586
6.48686
4.62797
0.191134
6.61181
0.340236
4.75536
0.111213
5.68655
6.60357
1.6686
7.13612
0.831136
0.896407
5.43775
0.766173
0.432759
4.26283
1.3369
2.15815
3.98677
5.43742
8.62116
0.537538
9.3707
0.150661
1.59841
1.40627
3.18344
5.20584
2.03206
1.66267
8.20399
0.146656
0.954619
2.42568
0.498275
2.21583
1.17934
1.39155
0.100887
2.34081
0.649908
1.86323
2.69925
9.39754
2.17981
0.390489
3.21328
0.101364
1.08485
0.171296
0.271382
3.15997
21.1795
0.935561
4.42615
0.137808
2.19158
0.665207
2.79957
11.8831
3.98836
7.4622
3.79715
1.17938
5.78657
6.1947
6.01942
0.320272
14.0982
1.40582
3.37911
8.02697
4.05727
1.22813
9.03043
0.326697
2.51979
3.11595
3.64665
1.15914
1.3476
0.530735
7.32728
4.24218
0.668215
0.112195
0.981567
0.738848
1.55044
0.9274
2.68236
0.611507
1.09076
9.36733
0.755684
0.307735
4.81182
1.67679
5.9074
4.83187
1.2098
1.57871
4.15175
0.694853
1.40487
5.78521
3.97953
2.17358
1.15526
0.431638
4.638
0.272281
1.39073
2.25995
0.218298
0.844611
4.95798
0.619137
5.50466
0.272821
3.30823
0.348688
0.109904
1.71781
1.71341
0.449453
0.110083
0.896963
0.191769
6.75857
11.5515
1.00808
3.85523
0.228609
0.182578
1.06483
0.932708
2.29277
0.549275
0.216029
2.27028
0.927236
1.57201
0.587723
16.7185
1.15997
3.52752
1.50776
2.25905
0.24551
1.46439
5.69455
2.43543
0.32878
0.215272
2.25103
0.798067
3.1106
0.914079
2.89733
3.36889
1.48022
4.63266
8.85175
0.115971
25.1311
0.196854
0.102187
3.32041
4.15918
1.80639
0.32856
1.76133
0.116899
0.226406
0.129614
3.63268
2.07867
1.91186
8.82719
1.69062
2.93554
13.2824
1.06781
12.3993
2.32119
5.10472
1.6887
1.86482
0.846391
7.11704
0.375893
0.982396
2.54693
0.834246
3.66714
6.65371
3.68204
6.98771
4.2743
0.956332
2.74684
8.30305
0.234171
1.92464
2.647
11.6605
6.38448
0.774364
3.73061
2.10869
5.73707
0.296757
16.9351
7.34353
1.9222
3.59929
2.73211
7.8945
3.30825
1.77737
2.86701
0.180566
8.91954
5.11443
0.383472
4.23733
0.942994
3.07459
4.13701
0.536175
1.38127
1.0699
1.60475
2.14462
4.77202
0.473769
15.6338
6.83364
0.408965
5.06288
1.02928
0.79195
0.794522
2.4053
9.78251
4.99542
8.49443
0.399895
0.37435
8.40665
8.28074
0.674096
0.309875
6.21235
2.60633
6.14909
0.573509
15.5186
2.21107
0.296536
0.203298
4.94153
0.58228
1.24451
0.248482
1.17283
0.425144
2.8211
1.30316
0.291875
1.35802
0.104015
2.61499
1.95794
7.21278
3.24145
8.70157
0.424824
1.14818
0.379869
7.24267
3.73604
0.814406
2.41167
3.68837
1.17156
2.68641
8.46615
3.04128
2.3187
7.12283
0.278991
5.72875
0.186558
1.6821
0.225022
0.113376
14.6236
3.03978
1.71391
2.41769
0.880024
14.3514
5.2983
0.453142
7.96438
1.07124
8.16528
1.13175
0.681172
12.0516
3.65587
2.2394
7.5229
0.422489
3.02424
1.77499
37.3738
11.9865
4.93653
0.159841
0.490878
0.390695
7.4985
2.67245
0.160721
0.266912
1.02323
3.1692
11.8828
0.13485
8.20788
2.95192
2.79769
3.40048
1.49955
5.70227
0.669466
0.129519
7.1443
0.361573
3.69916
5.15977
0.702523
11.6323
2.27638
0.588556
3.67239
1.72169
4.73675
5.47866
4.05324
4.89015
2.97558
2.52667
2.98417
0.45673
1.29071
2.20729
2.08284
1.54079
1.99
2.09492
1.7029
5.10921
0.182005
0.517294
0.14834
3.66866
3.45628
0.147663
0.244516
1.37002
0.106332
1.7126
2.13046
3.98128
2.80374
5.33923
0.873374
3.91226
8.13653
0.364226
4.20903
0.772889
0.887235
0.390263
1.73861
6.98116
0.787749
1.38223
3.60545
0.420008
15.3226
5.60805
0.650228
0.125003
1.13814
2.64269
0.272846
2.79251
0.131508
0.147835
0.10706
0.812874
8.99624
18.2745
2.23598
0.440867
0.393369
5.99812
0.230437
6.9121
1.70077
4.6513
1.67276
11.6614
7.15355
1.37255
0.272379
5.28635
4.88965
0.911634
11.4625
12.0865
4.49091
14.1028
0.364173
6.50415
1.06537
3.46071
2.10054
2.3459
1.3197
6.01191
3.34231
0.269057
17.3131
0.112721
14.591
9.72197
2.70635
5.44777
0.162305
0.598029
13.8074
0.881211
0.196843
0.143214
3.52758
1.02846
19.7451
1.79365
3.61486
1.6313
4.84056
0.450804
2.87726
2.76898
1.19259
1.54446
0.643802
6.84267
0.268663
1.34975
0.898284
0.625921
4.38699
4.18472
0.985825
0.250934
1.86681
0.144344
1.72597
11.065
0.999036
0.344243
0.54215
0.771332
0.759389
5.50791
5.18788
2.18845
0.292216
0.460802
1.03232
6.24047
0.23953
0.979088
0.195341
12.9439
3.87467
5.44427
0.853789
0.622234
3.3875
9.09494
4.64366
0.76987
0.60369
8.47056
0.342818
2.49211
4.3104
3.2876
1.83534
1.20024
3.34359
14.2404
0.39732
0.842667
2.0969
0.611202
1.76479
4.008
1.39671
10.3345
13.9985
1.94316
22.6747
0.451679
4.63024
1.56164
4.30192
2.39667
2.06208
5.6631
1.39555
8.72286
7.15925
17.9725
0.277491
0.195328
1.08059
0.676983
0.917987
0.356405
7.39348
4.06727
4.37268
0.187015
0.294479
0.275658
0.222373
2.74499
1.68751
3.15122
0.173775
5.32936
7.63173
0.899191
0.339494
0.352459
1.0661
10.0491
4.475
0.899898
3.63045
0.221523
3.37013
1.81671
0.155735
0.157211
1.57163
0.612624
3.01056
5.47499
22.5195
3.50627
12.0473
0.97477
4.02496
1.065
0.265139
0.100969
10.674
13.8334
0.456237
0.228838
14.6803
0.290944
3.17477
1.95967
6.29271
2.48798
0.841433
0.106088
6.03973
1.8952
1.5289
5.18259
2.60219
0.916602
0.24563
3.91647
3.14219
2.4053
0.115603
0.212889
2.77468
0.739484
1.35657
5.23756
2.05368
0.327603
0.345039
7.40177
0.690434
0.693499
4.34813
3.88292
7.02143
1.40475
5.53981
3.57936
0.284678
0.833306
4.8948
1.16118
1.71393
13.3156
3.63356
2.07326
1.51603
0.901162
0.466644
0.4416
0.392893
3.1617
10.2923
1.47967
0.335793
2.34793
0.664377
1.5587
0.618844
0.929481
1.10562
2.76425
3.51532
1.37042
1.85274
0.649258
1.43067
0.394066
4.06704
2.25763
1.19439
16.526
0.287198
14.0071
11.1286
0.552067
22.9024
0.167409
0.352037
0.305778
5.16312
2.19686
3.18718
1.98786
1.50198
2.06315
2.2475
0.321526
2.35676
13.3619
0.990507
1.08871
7.17139
4.1676
2.79259
1.49149
0.655565
3.54664
2.91961
0.581187
5.87128
0.962349
2.80983
2.39766
1.73633
13.0062
0.32524
0.117605
1.01779
4.21429
12.3684
0.649648
0.884501
2.80862
6.36049
0.72844
0.127489
3.11338
0.204059
1.27591
4.25131
2.81144
1.75677
6.30975
1.22566
7.96446
0.28698
2.99389
4.55427
1.99328
0.206627
16.047
11.4286
4.69345
0.954401
13.3906
0.597824
6.22328
0.276604
5.59955
10.3841
1.03514
0.642375
5.41231
2.29025
0.269147
0.604992
2.20726
3.93248
11.2231
12.1608
3.23057
0.260466
9.60889
0.790185
3.78895
0.164871
5.84463
5.05729
1.81621
3.67558
0.1218
3.82398
2.9268
0.630884
3.53441
10.2687
0.522655
0.705011
0.499068
1.13675
0.151745
4.14079
10.0099
1.21894
3.71227
2.95566
0.589341
2.6509
1.12217
1.1462
4.71876
5.35051
5.35445
3.23217
1.38723
6.19747
1.62172
2.23078
0.386852
4.02629
1.5092
0.881528
2.12519
4.29893
5.63944
0.390494
1.53171
5.52665
0.749107
1.15506
0.577517
1.303
1.33327
3.90635
1.305
2.33355
6.4053
0.553608
0.38112
0.847572
6.49064
2.22586
5.65024
1.10318
0.62372
2.17425
2.26341
7.14283
0.832388
6.60403
0.91167
9.29153
0.40883
3.41491
3.91367
3.68702
13.9732
3.3672
2.304
0.696842
1.32784
1.74782
0.800014
15.4727
0.23761
24.7395
2.84672
1.20114
0.309587
1.23552
8.68146
1.31259
0.436445
1.17918
22.199
0.609681
7.39871
2.22237
0.217615
2.58512
1.28806
0.873591
0.658843
0.591393
3.09787
0.720974
0.366456
1.96134
0.475437
0.226967
0.933646
2.69073
3.99061
0.138432
6.04554
18.9144
5.15726
0.22686
9.94151
2.48644
3.37199
4.4621
0.356657
12.9296
2.67577
0.696964
4.12197
1.16219
4.57275
0.709016
0.171023
0.306965
0.201583
0.889565
1.80016
1.43606
0.12322
6.98678
16.2328
7.51281
1.95321
0.719743
1.048
4.78983
0.475535
7.20234
3.54336
6.37809
10.3329
1.30617
3.61614
3.65194
23.8793
1.533
3.21132
1.19665
0.885577
0.219504
9.9044
0.316533
0.766471
1.40562
1.108
2.11218
2.73516
5.472
6.2735
0.800475
0.769144
1.00849
1.26736
0.220663
8.50246
0.992083
0.537383
2.07673
0.45405
10.6845
3.42291
2.38108
1.78485
4.22669
2.1275
2.31052
0.390631
0.81581
1.2486
1.93457
0.838178
1.71801
15.0282
0.285134
6.53948
5.05131
0.516425
4.43158
0.469237
0.586902
0.642714
5.81353
10.6669
4.01878
0.796291
1.26481
0.167663
18.6354
1.9158
0.44919
3.19976
0.164221
8.19996
16.6377
1.07648
1.81162
0.252163
3.8826
1.18307
0.191287
0.402989
2.34366
3.51215
1.87058
4.76131
3.85078
1.94876
0.806617
5.10037
5.50017
6.42613
8.97845
0.121515
12.6147
1.17518
12.2183
0.442075
6.70119
0.931876
0.76893
1.39939
0.628535
7.40651
1.17173
7.4723
3.07393
0.701421
3.46993
0.81625
6.02506
0.282692
4.44513
2.0117
0.797477
1.78207
1.31219
5.70351
3.25248
5.85035
3.69186
1.47023
0.404486
2.20558
0.189915
1.15873
40.5111
3.36917
0.29461
11.5381
1.48792
1.13837
3.09052
0.123657
0.715209
1.16632
1.57847
4.74599
3.52478
5.55837
7.57485
2.58875
0.327824
6.56005
0.268932
2.22162
15.2012
0.286319
8.21936
1.0964
0.783715
0.824834
0.329804
5.43823
1.92118
3.97115
11.4558
7.40919
0.664245
1.20302
8.56591
11.96
0.15035
1.80814
3.0665
2.22722
2.90022
3.8615
4.71394
4.55729
1.41849
0.555015
8.42941
0.622064
3.93862
1.64797
23.8524
4.07451
0.954765
2.32461
2.45273
0.216048
6.50408
5.23334
0.186614
0.646125
2.75104
3.61274
1.40739
0.490408
0.692988
2.42275
6.40717
5.94376
4.06341
3.67142
1.4625
4.47218
11.666
0.384003
2.2773
32.9816
0.219261
0.187542
0.115672
3.53013
3.87444
0.268901
19.3462
11.6798
5.99344
1.71361
3.53996
13.5968
6.5649
1.19628
1.796
0.656895
0.196374
0.145741
4.88217
2.2327
1.33083
0.244453
5.83959
0.394117
0.783618
8.94733
0.109736
4.64026
4.87949
3.85533
7.5575
0.265819
2.12738
0.576742
0.375979
1.72801
0.142475
3.519
1.46315
0.247878
0.387137
0.515788
2.27894
3.33119
0.798898
0.119707
4.30365
4.87839
0.21352
3.11039
5.45093
2.59736
1.16147
1.14045
0.636497
0.507194
1.64624
2.67362
0.512579
4.74006
1.13986
3.9169
0.122316
10.6587
1.16696
10.5966
0.915016
0.677668
0.10856
14.9013
8.13604
4.16109
0.979431
1.98146
1.58823
2.59854
1.65609
1.29248
1.29147
0.344784
6.19407
3.02812
1.19157
0.381979
5.50908
0.83088
2.37291
6.3171
0.34639
2.80517
0.708989
6.86052
0.62691
0.648327
1.92509
1.3137
6.948
0.410428
2.47393
0.283939
3.11138
0.286726
0.487563
6.65734
1.92538
15.2476
0.163439
0.224079
0.703065
0.149833
4.05866
6.2971
1.88101
0.833672
4.72908
1.97259
0.324943
2.18545
1.97895
0.448873
0.10741
3.09905
1.68373
15.9504
5.03927
1.40519
2.03223
2.60296
0.181074
6.79035
7.17803
0.447017
0.128327
0.486776
3.54531
0.422607
0.131268
0.542974
0.650619
1.27464
4.00725
2.7335
1.22329
7.86922
1.26973
1.9509
1.9414
0.340657
3.23187
0.913585
14.2724
4.61062
2.69133
0.130716
0.221038
0.245471
0.410934
4.35087
2.30772
3.72358
0.328384
1.79787
0.701195
1.48229
0.9456
0.559981
0.730186
1.51073
5.95874
5.0464
4.21681
2.35067
0.16194
0.176942
4.25566
2.13485
0.306411
0.111441
2.99678
0.81016
0.55492
22.8934
2.81568
0.560199
1.71297
2.86646
5.01851
7.87994
3.39988
5.74574
0.565722
8.5548
2.00246
0.446607
1.37696
6.02519
0.845196
2.16975
0.15214
1.79588
0.397635
0.572412
2.15501
4.94346
0.724752
5.23477
0.180934
4.12784
25.9783
11.4956
1.24917
10.7065
1.14322
0.494299
1.93507
11.4881
0.793676
1.37891
5.95189
3.69707
23.7134
1.47687
2.62346
3.24224
1.21761
0.134946
10.3102
9.13578
2.16971
0.67441
2.73853
0.261467
0.554023
0.485006
8.15272
3.36637
0.619916
1.2007
0.986701
0.20446
2.06557
0.84261
1.80993
9.41844
20.2185
1.53097
4.83447
1.06734
0.436566
0.386815
0.514355
4.57531
10.7213
4.22437
12.2322
1.74182
6.8234
29.2883
1.25971
0.571363
1.52086
0.170814
0.209234
4.04726
0.788301
5.91784
4.56971
0.286466
5.70784
11.7583
3.76641
2.05742
0.22519
0.631697
0.577532
2.72342
0.678314
1.92796
4.84106
2.59217
0.670343
0.367892
1.81215
0.188664
0.974911
4.44382
1.88172
0.861548
2.01011
1.43079
2.22918
0.287777
4.66491
6.40618
0.866447
0.11653
4.75635
1.58147
0.992071
4.65626
0.235059
1.28904
6.95657
2.10127
0.556041
0.652949
0.123893
14.0133
7.15272
12.5742
0.595922
2.46702
1.07343
4.44281
2.34978
2.30039
1.59458
6.29989
2.03398
1.3774
0.269226
15.6989
6.23716
0.374741
0.957925
2.14576
2.87833
2.416
18.7321
6.365
7.20104
3.63653
0.163668
3.21217
3.69427
12.9279
7.16683
6.32603
1.93068
0.160968
3.30918
13.7435
0.400112
5.82874
1.43859
2.90904
6.87376
0.317095
8.78429
7.27032
0.452384
0.288889
18.3235
3.55241
6.51112
2.61318
0.646448
1.62578
0.994597
0.254264
2.12246
2.71945
15.6651
2.69829
3.97937
1.84171
6.64239
2.48323
0.688767
18.382
0.564289
10.0259
3.14523
0.239654
13.2752
1.11439
0.265437
1.92259
0.318351
0.355832
0.335268
0.927539
1.18125
11.6815
0.419801
2.23158
6.43191
14.8168
2.28492
0.490886
1.81912
0.456238
2.10235
11.6941
0.653728
9.45347
0.168157
0.157724
0.422916
0.676418
3.0472
0.170373
1.39347
0.248128
4.80281
0.747648
10.3269
0.106494
2.0844
0.79904
0.945347
2.28479
4.28747
0.171573
1.92734
0.734886
0.984007
0.49429
7.29909
11.0243
0.285815
0.405936
1.0205
2.43369
1.30748
1.09449
7.0102
8.11473
11.7852
1.24487
0.502871
3.24555
1.25943
0.705204
2.44622
1.39433
0.750397
0.192125
0.570186
1.45319
1.60263
8.58588
0.288121
3.78444
0.514024
4.83157
0.164731
0.334086
0.491543
0.509914
0.6395
6.27299
0.354567
7.85446
2.64507
6.41407
11.3986
3.62914
0.580535
11.6309
1.36864
3.00465
0.158556
4.30477
0.154803
4.3551
1.31021
0.54302
2.61598
4.17845
5.83301
1.90183
1.01267
0.311081
1.5465
0.215798
15.9431
1.11265
2.22574
0.231279
3.8109
3.67518
7.34123
0.840211
0.41745
0.395666
0.103787
0.398638
0.258436
0.721196
5.15362
0.292123
4.91201
0.473872
4.81409
5.68301
6.19406
0.171112
5.00721
0.238815
1.23553
13.2599
7.44735
4.1478
1.44472
1.72687
10.0841
3.07739
0.269285
2.31069
1.07534
1.01089
1.54659
12.1176
27.2084
5.17664
2.31147
8.61428
6.0456
2.39621
7.43578
2.79778
0.182483
0.183637
0.31994
3.55566
7.03503
1.63568
0.744282
4.71948
5.63579
0.171648
1.85107
1.11321
2.97044
0.303247
1.50282
15.4141
2.35637
7.96557
10.2552
1.92224
2.54041
0.859947
5.44853
2.00523
1.59315
0.135331
4.30918
2.89476
0.935926
5.98878
0.630373
0.474579
0.261722
0.201004
2.65097
10.8724
1.03822
1.81853
0.704478
8.62908
0.583706
0.588349
0.952469
0.132903
14.1456
2.45281
5.99111
12.4145
0.623401
0.661659
0.389955
2.8892
2.74647
8.11166
1.99853
3.37734
0.728011
5.5524
1.82275
1.77731
2.02474
1.29785
1.38998
0.34869
1.80644
0.164411
0.340071
1.54838
0.410313
1.30004
0.265272
0.391854
1.72389
0.320488
2.1904
6.51234
17.1894
1.29629
0.173249
0.771418
7.67485
1.19501
3.70098
2.2587
1.80263
0.808146
0.744716
5.40801
1.753
1.68779
0.234086
3.68182
3.29134
5.52429
7.92468
2.05322
3.28881
0.356668
0.416909
0.40079
7.1437
3.91491
0.379111
0.621064
0.90779
0.767575
0.495078
4.88997
0.738835
0.715063
0.998005
9.5768
3.88634
0.437209
1.89657
3.75996
2.88039
0.419576
2.82387
4.05706
4.89448
4.67505
3.31032
13.0513
2.699
0.96222
0.532696
1.29848
1.52434
1.02796
11.4257
1.10685
7.79106
1.46518
10.1893
0.341217
9.23904
0.61707
12.9882
4.64118
7.25577
2.60005
1.98114
3.12128
0.117673
5.24467
0.279998
2.70966
0.507666
17.051
2.17243
3.44263
5.23111
3.12328
0.429594
2.80787
2.7782
0.992426
7.63255
0.34556
0.113789
0.292448
7.97476
0.388515
0.257864
0.51373
4.58386
1.4859
0.515838
5.06844
0.981663
3.44946
0.615293
0.140194
17.5197
8.07538
1.58405
3.8103
0.370687
1.64154
3.57253
0.170109
0.393366
9.80626
0.931909
1.65615
0.259205
3.8799
6.26212
4.5726
4.25242
0.159429
0.485398
1.65078
6.38082
13.4861
0.450621
8.00008
0.234593
9.50613
9.14556
1.98896
9.93143
1.59587
0.35644
3.31107
1.6922
0.26058
0.608499
3.34877
3.36991
0.102945
2.33735
0.149358
0.748238
1.06226
8.54599
7.67527
5.24703
1.11543
1.01009
0.582335
2.10436
2.32427
7.64112
10.3795
3.51567
1.70646
12.5897
0.299527
1.16146
5.36343
0.187514
10.6445
0.821982
1.13296
12.2563
1.78507
0.972035
0.356762
0.19392
7.20627
0.122734
0.530067
0.247624
1.42345
1.61673
0.710759
1.77493
3.36904
0.670172
1.00565
3.22482
0.502586
0.674596
0.252766
0.263096
3.00997
3.45594
0.867336
0.598547
2.09234
16.9931
12.4275
0.218087
0.902045
0.395075
1.58754
6.54651
0.144958
6.78229
0.413788
10.3672
40.5744
0.406203
0.272821
1.40827
16.8898
1.82423
8.84671
7.44495
1.35015
0.244287
5.08397
1.1135
0.465891
2.72289
1.23254
0.296547
0.144118
4.47155
3.91689
2.18276
22.5662
1.59071
1.6346
0.980547
0.784466
5.04912
4.87172
0.343255
4.47659
0.308155
0.842683
0.762325
9.15303
5.45491
3.04719
0.666383
2.93496
0.116561
6.95772
2.6059
4.01765
1.1756
0.876515
2.73062
6.70894
4.08333
1.52872
1.22027
3.55052
4.7682
0.720299
0.56482
0.17521
0.594681
0.746285
1.1835
0.538554
1.87408
1.26579
0.294823
6.14448
0.183281
2.3047
0.303559
0.367147
9.93934
0.949325
6.06444
1.17986
0.199047
0.106799
1.48047
2.6632
8.80597
1.21561
1.22705
4.71039
1.0427
0.438066
2.65283
0.552861
0.432452
2.95515
4.04952
0.251108
22.0371
0.351104
0.385792
1.13757
1.84527
4.20122
1.1503
3.76915
0.946676
2.42631
0.108958
2.71291
0.511486
1.21651
4.45221
9.43214
1.95562
4.85043
22.4316
2.1842
0.123087
3.98716
1.55808
1.79621
0.355755
0.862841
2.58135
9.3505
0.179138
3.91682
0.131188
3.30334
4.17946
0.613373
1.56939
3.54904
0.252834
3.73308
5.3323
0.311059
2.28629
1.93918
1.17554
1.1046
5.03398
1.08673
2.01272
0.287607
1.26149
1.80875
1.0995
0.153148
17.4909
7.12325
0.213102
0.120657
0.184265
2.73354
9.9096
1.91212
4.12485
6.36625
13.0387
0.135338
1.86819
4.38737
0.36089
2.33099
4.2065
0.271393
0.92216
1.06443
0.827695
11.9888
2.48381
3.90423
2.24984
1.36318
0.414671
6.70475
0.769532
0.271661
0.539338
1.4194
3.61847
10.6982
0.271128
6.62587
0.802205
0.831501
0.857775
1.14014
0.779233
0.926571
0.287011
16.9155
1.93026
1.32959
4.90477
0.229808
0.195934
3.2623
0.81672
7.95791
1.26559
1.35154
1.51869
2.46546
0.514285
4.45744
0.243679
2.60355
3.24663
4.54029
2.91706
10.8502
13.1353
6.05092
0.720672
9.20979
5.2378
6.26341
0.253616
0.653508
1.26774
5.14607
9.01677
0.375264
7.41835
11.6828
2.99498
3.10818
6.10957
3.85016
15.5405
1.53557
6.85516
1.22908
0.51447
2.53441
0.280218
12.0146
0.571068
0.838503
0.171401
15.165
2.21708
3.17065
3.06133
0.137514
1.1631
4.43949
0.782043
10.4743
2.92471
0.778943
3.36415
0.385479
1.04278
0.31545
12.0133
1.2579
1.93366
1.71876
1.34833
0.705353
1.65226
5.95297
4.32457
18.5605
2.33094
0.636509
3.66123
2.27559
1.87837
0.201669
12.2666
0.275094
4.6922
6.1251
1.37674
0.802906
5.77634
0.110209
1.6996
9.25005
1.39762
1.39992
8.21217
0.568601
5.44987
0.79928
0.488616
0.305043
0.225265
0.717102
3.53514
6.2265
1.14622
0.136226
2.21337
0.248714
0.153294
0.211936
0.615457
1.31542
4.79432
8.45043
0.322816
9.25391
12.801
1.46873
4.8045
1.28319
0.455896
0.457537
2.19225
1.56007
5.47442
1.28663
0.92639
3.68683
0.358431
8.04908
2.87886
3.063
0.669998
1.459
0.106053
2.32334
3.80945
1.26394
3.91602
0.133419
0.743085
0.164771
0.254207
0.260017
0.318695
0.380553
3.71848
1.372
1.62926
4.10478
0.21614
8.2304
4.24316
0.16963
3.44035
3.54514
3.81007
0.383299
0.182476
1.09684
1.08578
4.90681
1.38822
2.5604
0.988589
6.31885
3.88877
6.18619
0.681219
0.187445
2.43846
2.3665
1.11721
6.16591
0.989044
0.135124
1.56729
3.76442
10.7928
0.147354
1.25268
6.59582
6.64411
0.283384
8.54107
10.9381
4.31447
3.55319
0.916736
12.5981
11.6521
0.882228
10.6018
0.293791
0.575303
0.111876
10.3469
2.49123
1.28667
4.07097
14.0963
9.87191
2.583
0.880745
0.369222
8.75976
11.7512
2.4562
1.73316
1.67948
3.77253
13.8495
1.7971
1.78471
3.17693
2.62892
1.07239
13.858
0.413399
2.29141
3.41239
0.586057
0.747616
1.02224
2.12829
1.02096
1.5584
1.77682
1.63917
2.2499
1.83096
0.397881
0.670084
5.77273
8.15139
1.24149
0.12706
0.785498
0.307834
1.75033
12.2225
2.14742
0.414542
5.69876
0.35036
0.661668
0.996041
1.40664
1.47248
1.36181
2.12862
2.94143
0.540672
14.7603
2.38495
1.01306
6.53665
0.539006
1.05649
8.0988
2.26974
0.445326
0.336193
11.5293
6.92149
0.18897
0.163133
2.9701
3.27134
0.316756
1.93985
12.3224
0.101737
5.98605
2.96855
3.48116
2.44247
0.168678
4.76558
0.695826
0.20491
3.8104
4.03983
0.90164
2.40001
6.79246
24.0179
0.806692
0.701984
0.850547
0.680222
9.00584
1.57239
1.19376
0.2597
2.17929
1.33933
8.57418
3.67344
3.75676
6.01909
3.63472
1.51744
4.74929
15.0267
10.7747
1.3105
1.63637
0.309741
11.5504
1.13752
2.88966
8.74115
10.73
0.595971
16.2197
2.02478
0.725941
0.84333
7.32816
3.98799
0.888177
9.85242
0.502216
0.491028
4.12922
1.06045
10.9311
9.52031
0.149254
1.3722
0.236811
19.199
0.199409
0.25431
12.2182
0.152692
0.857315
3.08817
0.818404
0.366968
1.81921
0.247876
2.69759
4.35124
2.47738
3.02757
1.73483
0.137214
0.818169
0.526502
4.83439
0.596944
14.3137
3.90392
0.412754
2.9891
0.143016
0.54146
2.0689
8.75002
0.206447
4.18863
7.31358
0.31643
5.16466
0.101075
7.29168
2.09306
0.275155
0.356448
0.244132
2.44687
0.401153
0.908851
0.795988
5.48211
5.34072
0.15508
0.369385
1.22189
2.22395
0.660856
0.141129
0.168451
0.207602
1.78215
6.37075
3.09331
0.381286
6.29768
2.68816
4.41046
18.0745
6.00208
4.19846
0.207542
0.9289
10.2967
1.02695
1.7693
0.309638
6.56905
1.31261
5.02883
10.1456
0.112504
0.465366
2.02568
1.20355
8.64262
1.73078
1.4115
1.49102
1.6639
2.21242
0.300644
5.67744
0.983301
1.2162
2.49896
13.77
1.17051
5.12484
1.08598
0.111662
7.60754
0.398097
1.03128
7.20329
1.92988
0.899723
3.19734
0.762832
8.23884
0.954766
5.42389
7.47877
0.156874
0.359528
2.62494
8.59497
7.6605
1.3959
0.636691
1.94555
1.49657
5.10151
3.81869
1.08182
1.8814
21.8073
1.98718
5.15413
8.21245
0.684368
1.54373
3.82138
2.65986
2.90825
7.64816
0.622188
9.17766
0.10397
2.48512
2.38409
0.84339
6.1881
0.987331
0.676062
8.9894
9.18945
2.53957
1.74311
2.2237
7.04553
1.02989
2.53255
1.30614
7.34683
2.37972
2.57715
1.63909
0.87003
3.3238
19.6903
0.199265
5.16931
0.423639
0.227673
15.5363
8.36772
0.781156
0.822514
0.232926
0.214313
4.96909
1.55051
4.80902
2.57627
0.740193
9.10815
0.334327
0.802232
1.94741
0.121862
1.43776
0.733389
6.08122
2.17021
5.53852
8.68043
16.2789
0.398881
11.7629
2.03606
0.754504
5.78712
2.25098
7.27426
0.339544
2.08548
0.202364
9.01698
1.98631
0.384198
3.36701
1.79722
0.400906
3.91072
8.67764
2.29235
13.0752
2.00189
2.03294
10.681
3.43966
0.437677
3.64363
1.26962
0.472209
1.46926
1.29022
5.74797
5.45434
0.334434
7.67931
1.9387
1.10877
7.49708
8.34455
2.67356
0.168758
0.579769
0.479026
0.250737
0.729048
3.74019
15.1931
0.483429
2.84528
1.07205
16.6114
12.0169
4.22883
0.466138
0.193612
0.318293
0.10045
1.81335
9.16179
4.12949
0.123618
0.170299
1.83435
0.133436
27.6271
6.05813
0.316934
14.4191
14.7309
2.08319
2.00889
4.75953
0.550746
2.46329
1.32046
1.86408
2.38604
7.44804
9.61016
4.96254
1.06638
0.253283
1.99679
12.4078
6.84039
3.93514
1.01791
0.127598
0.224185
0.728446
0.17397
0.281167
2.13759
1.06171
0.282217
0.52968
16.9304
1.13675
7.19536
1.48224
2.55089
1.92789
3.54303
4.27628
1.8444
0.273289
0.719587
1.01288
0.102618
0.707502
9.49098
2.77855
2.42678
0.396005
0.680403
2.33126
2.54076
1.42899
8.97899
0.972172
7.02057
3.14968
0.944488
1.69454
17.3993
0.127668
7.8523
11.3021
2.7735
1.5125
6.68905
0.318387
14.0188
7.73484
0.782164
1.00254
0.369275
0.113081
1.60776
6.27898
3.38932
0.843365
1.28041
2.64605
0.812281
18.5642
0.426187
3.43267
4.97916
3.63231
8.19036
1.60545
2.07424
0.583465
0.383687
2.62602
2.41608
0.970902
2.99353
0.412521
1.71862
0.63484
0.700945
0.684603
11.7848
0.768438
5.08852
4.65631
0.553507
4.47658
4.32836
5.76214
2.06853
8.73274
0.214357
4.71233
0.733641
7.65307
0.286752
2.08582
6.62893
2.22605
3.90644
10.7514
1.1454
0.216103
1.88706
0.22252
0.555537
3.01354
1.08764
0.213588
0.179167
2.48805
9.45648
1.67273
13.3007
2.3619
0.415351
3.62168
1.10085
5.25896
1.26623
1.49173
2.8308
2.04709
3.7416
0.134141
1.48149
0.979992
3.00054
3.3397
2.82866
0.306928
2.15389
1.40543
0.218093
0.626998
0.72265
5.77144
0.208524
0.85428
6.42037
0.884056
2.95032
0.955655
3.82014
0.20557
0.504089
15.7321
4.34758
1.13043
9.97258
4.62449
0.408972
20.4035
0.548277
7.67015
1.12707
3.65105
7.13947
0.88331
6.35778
0.934178
1.25423
0.304592
7.60852
7.26679
7.39863
17.1549
2.20962
3.17267
3.75901
0.373031
1.27866
0.163522
6.90293
0.19965
6.66813
3.1146
1.6673
1.27021
0.669693
3.02197
0.305666
3.01187
0.641842
0.730798
2.48369
9.29093
0.375554
0.469819
3.91506
0.545269
2.03925
0.648167
8.26984
3.35804
0.220838
0.114769
0.413335
3.20419
0.368969
0.464753
1.83162
0.224208
2.66933
0.409407
5.36508
0.912262
4.39638
19.0471
3.74423
6.45964
0.870945
1.64082
5.11444
3.69819
3.19876
1.39961
2.15578
0.986378
3.29043
2.30506
8.03241
1.96313
0.254815
0.125572
1.62214
6.77852
2.15067
8.90892
0.227658
8.16382
0.918156
0.640234
1.18913
7.5121
9.78546
1.32202
1.30886
0.130061
8.16354
24.7822
4.03593
0.992568
8.26364
0.13081
0.658334
4.0812
8.18867
3.11842
1.77496
4.07587
7.01269
30.856
0.139435
1.63887
1.1272
0.269478
10.1717
2.88097
0.398156
1.80487
0.390354
0.706606
0.342365
18.7859
8.0449
0.138049
0.843625
10.6004
1.7639
13.6751
2.11157
0.649517
10.2741
6.56252
0.107854
4.33126
0.941857
5.49123
0.2516
0.710583
0.175005
2.56738
0.131093
8.27413
2.75389
1.12419
3.83854
1.13038
5.45844
2.80555
2.69526
2.57685
1.30695
0.812793
0.905104
0.134976
1.715
0.847056
0.211842
0.784541
0.213543
1.94875
0.49203
3.86038
2.0709
0.113864
0.24387
0.422642
8.72135
0.129332
9.94887
5.03042
0.765624
18.0159
0.756722
0.109051
0.252046
11.3168
3.88056
3.78976
6.7191
4.81865
1.20347
3.48894
1.64792
2.0282
2.13867
0.920724
0.507909
1.59605
1.48503
6.67703
6.07538
22.8694
1.36793
4.06105
7.12332
1.66897
14.95
7.85975
0.78748
2.29631
3.06261
2.77179
1.28379
0.217696
0.702367
0.365081
0.960068
1.68321
6.58309
3.33313
0.117273
0.203296
0.105717
1.03098
1.23834
6.97798
0.160444
0.862578
0.162708
1.44106
1.98563
0.727822
4.54675
6.01719
1.30238
0.166929
8.5135
0.530658
0.350698
1.41849
4.1744
1.84383
20.1435
11.0978
4.62994
0.284028
2.03468
6.9169
2.26724
2.47945
3.27448
0.243585
1.87607
1.44841
0.176186
12.0448
0.217321
1.41007
8.02516
10.8402
14.3323
1.26212
3.96749
0.997718
0.550197
9.06652
4.85235
0.190805
0.59638
3.76404
0.987409
4.72718
0.338735
0.834331
6.7524
0.301896
2.0703
3.57765
9.36868
9.89847
0.95722
12.3992
3.86361
0.219896
2.16956
0.424529
1.32191
3.50408
1.32811
0.602595
1.63154
7.96872
11.9235
0.195314
6.04092
0.156186
1.50826
1.85733
0.108797
0.29466
11.9827
1.74525
2.67235
0.24247
1.90509
1.24729
2.57288
0.19188
2.06557
0.567682
0.553291
8.11146
0.182898
2.89527
0.18236
1.48334
14.6201
1.93225
21.2324
0.518492
0.384086
0.311649
3.39781
1.57745
5.56581
0.97021
1.03837
0.31071
0.466121
14.9939
7.6125
0.772357
1.41157
2.61108
10.952
0.311217
1.27158
9.20493
0.42505
3.0876
0.155013
3.81999
0.719971
0.753066
1.41448
1.18895
0.198262
11.9483
4.81232
4.72941
3.30304
15.2484
0.549843
0.530479
8.11734
3.95053
5.97105
2.68638
7.36892
0.392115
0.820857
1.04653
2.0952
0.413936
0.654242
0.244579
5.05037
0.604048
5.57901
3.02139
2.01201
1.1461
9.96533
21.3291
0.612662
0.170798
1.71095
11.8064
4.49392
5.05621
1.35153
0.856517
3.79954
0.11244
7.5238
1.83242
0.507595
2.06968
12.8276
0.775482
3.88676
0.19743
0.624104
0.908144
2.00213
10.3942
19.7064
3.22674
7.29405
1.27747
0.919723
0.134212
2.4428
4.14665
1.34615
0.232287
2.14188
0.489369
1.37361
0.629595
0.833855
0.521791
1.8666
22.8274
3.61241
4.93699
0.761356
5.1463
4.27569
0.344527
10.9838
4.05089
0.135878
1.25682
5.73374
0.957259
7.18473
0.402873
0.4314
4.85861
0.284222
2.24753
1.5102
0.633244
0.419379
2.44189
0.621625
5.76582
7.28434
1.38007
13.2369
4.18779
0.599864
2.25043
0.425521
0.536518
8.13207
6.62584
7.59302
1.06892
6.96267
0.410012
9.00369
7.21009
2.55401
3.046
1.22144
9.06851
0.437763
0.420681
0.167175
0.819228
0.541433
9.82838
0.208793
3.19394
5.97013
2.87641
0.752969
2.12199
6.5289
5.6652
0.877306
3.96034
2.09809
0.923406
1.55148
2.52616
6.88973
16.2196
0.142839
18.2942
1.67955
1.27559
0.202709
0.563399
0.622247
4.63651
6.23521
8.63142
13.6723
11.7569
2.48406
0.909035
0.116517
2.59842
3.31512
1.0658
0.496437
1.56644
0.764008
3.34788
1.53889
2.11671
6.34117
3.12604
14.0917
0.148764
11.7065
2.66323
0.789872
0.385159
0.86887
0.266152
1.38221
5.02834
4.78488
5.69381
0.192867
3.49704
0.277518
0.209717
1.91453
7.08227
1.16039
1.30953
1.64092
0.121964
3.98368
3.83336
3.32901
1.31587
2.72368
0.789553
2.86092
3.87461
6.80922
1.31592
0.611595
2.619
6.68113
10.0534
4.11755
1.02666
0.853787
2.11112
0.68344
6.21774
2.31359
1.62113
0.549247
8.35564
0.666067
0.731635
5.4758
0.237383
0.375955
1.07965
14.3576
19.3234
0.184505
1.92774
0.432059
1.32522
2.73186
3.26535
3.75503
0.982694
0.568249
7.32516
1.13548
18.3301
2.13072
1.63143
16.7996
0.445137
2.75629
6.84519
2.53103
2.63723
0.370364
1.04373
1.53655
1.5252
1.57844
1.42315
1.47869
7.12517
7.59815
3.74566
0.968317
0.304652
0.172632
3.21885
1.79169
1.81924
1.92915
0.50958
14.1875
5.62048
1.19884
0.683988
1.0511
2.58529
1.16811
0.231221
8.95119
0.496605
0.223432
10.1777
2.65027
1.18301
1.31687
1.0281
1.56941
3.64574
0.966193
2.0895
1.17163
0.509053
2.66398
3.88632
2.56013
0.419843
1.56264
2.3386
3.93626
10.1605
7.27858
0.668667
3.49255
1.87508
8.19915
0.404282
5.5699
0.355291
8.37404
0.729633
3.06775
2.21945
1.00635
2.80155
3.89712
5.23724
1.84633
0.626625
1.74158
0.708428
1.26397
3.14232
0.232061
0.331644
10.1844
0.332416
0.409267
0.153373
1.94139
0.476958
1.58551
6.78119
2.15868
11.1095
2.53337
0.123033
0.582179
1.04867
1.86441
1.99028
0.869945
0.174241
3.47091
7.07962
0.219342
1.58583
4.01406
1.6523
0.418354
1.60794
0.984602
4.67662
0.503965
4.86346
4.3158
1.79705
6.66193
1.20361
1.27186
7.22731
6.12915
2.40947
1.66948
0.33374
0.551062
4.90013
8.14962
0.23247
0.534923
1.13906
0.173502
0.129019
4.76322
5.4219
12.627
1.28256
0.209563
0.692206
7.78906
1.08801
0.42163
3.42125
0.199141
0.187752
0.306424
1.26155
0.179247
2.88025
9.235
1.1695
1.2018
6.94321
3.2918
0.927109
3.255
8.53671
0.158142
1.78387
1.01524
2.43567
15.1685
4.33865
4.79674
2.3855
0.44317
5.54027
2.61533
4.74781
0.937161
3.7481
0.434643
4.12506
1.90824
1.72885
1.52127
0.319586
4.15293
14.346
2.76696
0.203649
1.19557
1.93286
0.240511
3.33678
0.334333
3.33349
3.07326
8.20649
6.95822
0.675512
12.2559
0.660148
1.11468
15.8486
7.48383
0.376461
0.726822
2.92677
5.47986
5.08682
0.5205
4.36874
0.47588
0.382201
9.32455
2.21068
7.52905
2.66548
12.2728
5.07615
3.08737
0.219805
2.98229
2.9096
1.94945
1.1702
0.636514
5.63817
2.82812
4.32504
0.23858
1.14223
12.6294
3.51263
1.5285
5.74025
0.214542
4.88188
1.60429
0.146477
3.5925
0.907142
2.82002
1.70187
2.41288
2.01825
0.269415
0.487227
0.310713
0.463338
6.01274
10.4865
0.74591
0.41941
1.45591
0.813939
14.0323
5.1975
1.96195
0.695725
2.86895
4.03814
5.02738
0.803437
0.594307
6.0315
0.438591
2.64607
2.37669
3.81047
0.625835
1.02284
1.25237
10.1052
5.88405
0.486802
0.496175
2.83807
0.398678
10.0318
0.839236
6.345
3.53208
7.65261
10.7508
0.476708
0.254121
3.61556
1.85487
0.252719
1.60599
0.928819
0.557873
3.82096
2.88839
7.58692
0.57913
0.218111
0.218453
3.13746
0.959596
8.01037
0.44691
1.82644
0.333242
0.889437
6.64218
0.357699
0.60388
0.853671
1.63163
0.270187
3.75442
0.831887
1.68524
1.73408
3.93457
11.2479
3.79227
0.557055
1.12733
3.6024
2.38469
9.48417
1.12649
2.87703
1.06198
0.781331
0.510244
1.72495
4.43011
1.36966
0.242583
8.15363
1.25594
4.39215
1.75678
0.627414
2.40539
3.23723
0.632907
1.07645
2.58719
0.779397
5.87275
1.10341
2.47415
15.1394
1.5806
0.416697
0.797805
0.961216
0.535903
1.63656
1.21454
0.202563
12.574
4.35854
3.4425
1.55868
8.04264
0.128774
3.57922
4.469
18.9071
0.576743
0.142171
0.106567
0.815964
0.384938
7.85841
0.507657
12.8369
0.446016
3.91539
0.490302
0.953096
5.92217
2.50755
6.80958
1.66523
6.98828
6.10123
4.59248
0.479091
7.3074
0.350741
1.2269
1.56485
5.62022
0.351617
0.114665
7.80801
0.631332
0.205594
2.57229
0.113109
1.11118
1.85271
0.778994
8.59401
0.30234
3.58173
0.27071
0.462233
0.304441
0.737574
0.710403
0.911326
3.65025
1.72778
4.18148
2.66453
0.897916
18.8678
1.06793
0.692014
3.04551
0.114131
4.98567
0.370782
23.8675
2.12212
8.04274
1.77798
0.634259
5.69823
16.2723
16.2521
0.24586
3.82389
0.856077
0.153116
1.61197
2.91747
5.38592
4.41049
3.28259
2.05125
1.76432
7.31642
6.80975
2.0836
4.85607
12.5452
2.63296
2.03011
9.27347
2.97065
0.642154
6.80133
1.37966
0.879081
2.63369
17.2659
1.8552
1.50515
1.99642
0.71512
1.70366
0.202296
2.96817
7.12163
1.41792
0.64202
8.08425
10.0002
17.7954
1.20021
1.01774
6.08688
1.22865
11.7405
7.7825
0.511812
0.792958
0.357319
3.3187
1.65119
1.13473
3.26205
2.41415
0.497123
0.190758
9.49266
0.924807
9.292
3.87413
0.710268
0.516621
2.60399
45.7243
0.711753
0.529434
13.6642
1.04909
0.843336
10.3833
2.86815
6.94981
0.597641
0.776039
0.351003
3.32577
3.47156
1.90125
4.18382
4.31484
1.07111
1.2434
2.16686
8.25299
2.32145
0.478335
0.211126
2.93648
3.25309
1.75526
0.468335
0.746366
3.26935
0.899907
3.99661
0.87249
7.22614
0.857986
3.34117
0.216928
1.13186
1.76034
4.93851
9.85356
2.05521
0.182794
0.355384
13.2483
1.52095
12.9345
6.10099
1.24662
1.12068
2.60013
5.18389
4.94451
1.85561
3.98049
8.99207
14.8523
0.371535
6.35809
0.279028
0.487047
3.43616
2.52217
0.677186
0.764241
2.64273
6.11638
1.2161
1.63365
5.65743
9.40818
5.30108
2.87263
5.12553
2.70916
0.901166
9.22418
5.67646
2.5181
0.298017
10.567
0.398724
0.8101
5.73223
2.62923
0.72017
2.95638
